2	1	1	1	1	1	1	1	1	1	fD
2	2	2	1	1	1	1	1	1	4	fD
2	2	2	2	2	1	1	1	1	7	fD
2	2	2	2	2	2	2	1	1	8	PC,Con=1,Disc=7
2	2	2	2	2	2	2	2	2	4	PC,Con=1,Disc=3
3	2	1	1	1	1	1	1	1	2	fD
3	2	2	2	1	1	1	1	1	11	fD
3	2	2	2	2	2	1	1	1	20	PC,Con=5,Disc=15
3	2	2	2	2	2	2	2	1	12	PC,Con=6,Disc=6
3	3	2	1	1	1	1	1	1	5	fD
3	3	2	2	2	1	1	1	1	30	PC,Con=9,Disc=21
3	3	2	2	2	2	2	1	1	51	PC,Con=30,Disc=21
3	3	2	2	2	2	2	2	2	20	PC,Con=13,Disc=7
3	3	3	2	1	1	1	1	1	9	PC,Con=3,Disc=6
3	3	3	2	2	2	1	1	1	55	PC,Con=34,Disc=21
3	3	3	2	2	2	2	2	1	64	PC,Con=55,Disc=9
3	3	3	3	2	1	1	1	1	18	PC,Con=9,Disc=9
3	3	3	3	2	2	2	1	1	91	PC,Con=71,Disc=20
3	3	3	3	2	2	2	2	2	60	PC,Con=52,Disc=8
3	3	3	3	3	2	1	1	1	26	PC,Con=18,Disc=8
3	3	3	3	3	2	2	2	1	90	PC,Con=85,Disc=5
3	3	3	3	3	3	2	1	1	36	PC,Con=29,Disc=7
3	3	3	3	3	3	2	2	2	68	PC,Con=63,Disc=5
3	3	3	3	3	3	3	2	1	29	PC,Con=28,Disc=1
3	3	3	3	3	3	3	3	2	20	PC,Con=19,Disc=1
4	1	1	1	1	1	1	1	1	1	fD
4	2	2	1	1	1	1	1	1	5	fD
4	2	2	2	2	1	1	1	1	15	PC,Con=5,Disc=10
4	2	2	2	2	2	2	1	1	16	PC,Con=9,Disc=7
4	2	2	2	2	2	2	2	2	5	PC,Con=3,Disc=2
4	3	1	1	1	1	1	1	1	2	fD
4	3	2	2	1	1	1	1	1	18	PC,Con=8,Disc=10
4	3	2	2	2	2	1	1	1	58	PC,Con=39,Disc=19
4	3	2	2	2	2	2	2	1	49	PC,Con=43,Disc=6
4	3	3	1	1	1	1	1	1	3	PC,Con=2,Disc=1
4	3	3	2	2	1	1	1	1	52	PC,Con=34,Disc=18
4	3	3	2	2	2	2	1	1	158	PC,Con=136,Disc=22
4	3	3	2	2	2	2	2	2	70	PC,Con=64,Disc=6
4	3	3	3	1	1	1	1	1	7	PC,Con=4,Disc=3
4	3	3	3	2	2	1	1	1	121	PC,Con=95,Disc=26
4	3	3	3	2	2	2	2	1	258	PC,Con=251,Disc=7
4	3	3	3	3	1	1	1	1	19	PC,Con=11,Disc=8
4	3	3	3	3	2	2	1	1	229	PC,Con=205,Disc=24
4	3	3	3	3	2	2	2	2	233	PC,Con=227,Disc=6
4	3	3	3	3	3	1	1	1	29	PC,Con=23,Disc=6
4	3	3	3	3	3	2	2	1	276	PC,Con=273,Disc=3
4	3	3	3	3	3	3	1	1	42	PC,Con=38,Disc=4
4	3	3	3	3	3	3	2	2	195	PC,Con=193,Disc=2
4	3	3	3	3	3	3	3	1	40	PC,Con=39,Disc=1
4	3	3	3	3	3	3	3	3	28	PC,Con=27,Disc=1
4	4	2	1	1	1	1	1	1	3	PC,Con=2,Disc=1
4	4	2	2	2	1	1	1	1	17	PC,Con=11,Disc=6
4	4	2	2	2	2	2	1	1	34	PC,Con=26,Disc=8
4	4	2	2	2	2	2	2	2	16	PC,Con=13,Disc=3
4	4	3	2	1	1	1	1	1	9	PC,Con=7,Disc=2
4	4	3	2	2	2	1	1	1	78	PC,Con=64,Disc=14
4	4	3	2	2	2	2	2	1	115	PC,Con=112,Disc=3
4	4	3	3	2	1	1	1	1	38	PC,Con=28,Disc=10
4	4	3	3	2	2	2	1	1	268	PC,Con=242,Disc=26
4	4	3	3	2	2	2	2	2	199	PC,Con=192,Disc=7
4	4	3	3	3	2	1	1	1	116	PC,Con=96,Disc=20
4	4	3	3	3	2	2	2	1	526	PC,Con=523,Disc=3
4	4	3	3	3	3	2	1	1	258	PC,Con=237,Disc=21
4	4	3	3	3	3	2	2	2	550	PC,Con=545,Disc=5
4	4	3	3	3	3	3	2	1	352	fc
4	4	3	3	3	3	3	3	2	280	PC,Con=279,Disc=1
4	4	4	1	1	1	1	1	1	1	fc
4	4	4	2	2	1	1	1	1	10	PC,Con=8,Disc=2
4	4	4	2	2	2	2	1	1	39	PC,Con=35,Disc=4
4	4	4	2	2	2	2	2	2	25	PC,Con=24,Disc=1
4	4	4	3	1	1	1	1	1	3	PC,Con=2,Disc=1
4	4	4	3	2	2	1	1	1	64	PC,Con=55,Disc=9
4	4	4	3	2	2	2	2	1	176	PC,Con=175,Disc=1
4	4	4	3	3	1	1	1	1	17	PC,Con=12,Disc=5
4	4	4	3	3	2	2	1	1	288	PC,Con=265,Disc=23
4	4	4	3	3	2	2	2	2	355	PC,Con=351,Disc=4
4	4	4	3	3	3	1	1	1	55	PC,Con=46,Disc=9
4	4	4	3	3	3	2	2	1	662	PC,Con=661,Disc=1
4	4	4	3	3	3	3	1	1	133	PC,Con=122,Disc=11
4	4	4	3	3	3	3	2	2	766	PC,Con=765,Disc=1
4	4	4	3	3	3	3	3	1	192	fc
4	4	4	3	3	3	3	3	3	178	PC,Con=177,Disc=1
4	4	4	4	2	1	1	1	1	5	PC,Con=4,Disc=1
4	4	4	4	2	2	2	1	1	38	PC,Con=34,Disc=4
4	4	4	4	2	2	2	2	2	37	PC,Con=36,Disc=1
4	4	4	4	3	2	1	1	1	41	PC,Con=34,Disc=7
4	4	4	4	3	2	2	2	1	216	PC,Con=215,Disc=1
4	4	4	4	3	3	2	1	1	203	PC,Con=188,Disc=15
4	4	4	4	3	3	2	2	2	494	PC,Con=492,Disc=2
4	4	4	4	3	3	3	2	1	507	fc
4	4	4	4	3	3	3	3	2	640	fc
4	4	4	4	4	1	1	1	1	4	PC,Con=2,Disc=2
4	4	4	4	4	2	2	1	1	38	PC,Con=32,Disc=6
4	4	4	4	4	2	2	2	2	52	PC,Con=50,Disc=2
4	4	4	4	4	3	1	1	1	19	PC,Con=15,Disc=4
4	4	4	4	4	3	2	2	1	208	PC,Con=207,Disc=1
4	4	4	4	4	3	3	1	1	84	PC,Con=77,Disc=7
4	4	4	4	4	3	3	2	2	508	PC,Con=507,Disc=1
4	4	4	4	4	3	3	3	1	198	fc
4	4	4	4	4	3	3	3	3	286	PC,Con=285,Disc=1
4	4	4	4	4	4	2	1	1	23	PC,Con=20,Disc=3
4	4	4	4	4	4	2	2	2	56	PC,Con=55,Disc=1
4	4	4	4	4	4	3	2	1	128	fc
4	4	4	4	4	4	3	3	2	328	fc
4	4	4	4	4	4	4	1	1	11	PC,Con=9,Disc=2
4	4	4	4	4	4	4	2	2	50	fc
4	4	4	4	4	4	4	3	1	44	fc
4	4	4	4	4	4	4	3	3	126	fc
4	4	4	4	4	4	4	4	2	28	fc
4	4	4	4	4	4	4	4	4	16	fc
5	2	1	1	1	1	1	1	1	2	fD
5	2	2	2	1	1	1	1	1	7	PC,Con=3,Disc=4
5	2	2	2	2	2	1	1	1	11	PC,Con=7,Disc=4
5	2	2	2	2	2	2	2	1	7	PC,Con=6,Disc=1
5	3	2	1	1	1	1	1	1	4	PC,Con=3,Disc=1
5	3	2	2	2	1	1	1	1	22	PC,Con=17,Disc=5
5	3	2	2	2	2	2	1	1	39	PC,Con=34,Disc=5
5	3	2	2	2	2	2	2	2	14	PC,Con=13,Disc=1
5	3	3	2	1	1	1	1	1	9	PC,Con=7,Disc=2
5	3	3	2	2	2	1	1	1	59	PC,Con=51,Disc=8
5	3	3	2	2	2	2	2	1	85	PC,Con=84,Disc=1
5	3	3	3	2	1	1	1	1	22	PC,Con=17,Disc=5
5	3	3	3	2	2	2	1	1	130	PC,Con=119,Disc=11
5	3	3	3	2	2	2	2	2	94	PC,Con=92,Disc=2
5	3	3	3	3	2	1	1	1	47	PC,Con=40,Disc=7
5	3	3	3	3	2	2	2	1	198	PC,Con=197,Disc=1
5	3	3	3	3	3	2	1	1	79	PC,Con=73,Disc=6
5	3	3	3	3	3	2	2	2	164	PC,Con=163,Disc=1
5	3	3	3	3	3	3	2	1	94	fc
5	3	3	3	3	3	3	3	2	64	fc
5	4	1	1	1	1	1	1	1	1	fc
5	4	2	2	1	1	1	1	1	7	PC,Con=6,Disc=1
5	4	2	2	2	2	1	1	1	27	PC,Con=22,Disc=5
5	4	2	2	2	2	2	2	1	28	PC,Con=27,Disc=1
5	4	3	1	1	1	1	1	1	1	fc
5	4	3	2	2	1	1	1	1	30	PC,Con=27,Disc=3
5	4	3	2	2	2	2	1	1	123	PC,Con=116,Disc=7
5	4	3	2	2	2	2	2	2	68	PC,Con=67,Disc=1
5	4	3	3	1	1	1	1	1	5	PC,Con=4,Disc=1
5	4	3	3	2	2	1	1	1	122	PC,Con=109,Disc=13
5	4	3	3	2	2	2	2	1	342	PC,Con=341,Disc=1
5	4	3	3	3	1	1	1	1	20	PC,Con=17,Disc=3
5	4	3	3	3	2	2	1	1	356	PC,Con=337,Disc=19
5	4	3	3	3	2	2	2	2	449	PC,Con=447,Disc=2
5	4	3	3	3	3	1	1	1	51	PC,Con=45,Disc=6
5	4	3	3	3	3	2	2	1	657	fc
5	4	3	3	3	3	3	1	1	98	PC,Con=93,Disc=5
5	4	3	3	3	3	3	2	2	607	fc
5	4	3	3	3	3	3	3	1	134	fc
5	4	3	3	3	3	3	3	3	98	fc
5	4	4	2	1	1	1	1	1	2	fc
5	4	4	2	2	2	1	1	1	29	PC,Con=27,Disc=2
5	4	4	2	2	2	2	2	1	57	fc
5	4	4	3	2	1	1	1	1	19	PC,Con=17,Disc=2
5	4	4	3	2	2	2	1	1	198	PC,Con=189,Disc=9
5	4	4	3	2	2	2	2	2	186	PC,Con=185,Disc=1
5	4	4	3	3	2	1	1	1	125	PC,Con=112,Disc=13
5	4	4	3	3	2	2	2	1	739	PC,Con=738,Disc=1
5	4	4	3	3	3	2	1	1	444	PC,Con=422,Disc=22
5	4	4	3	3	3	2	2	2	1156	PC,Con=1154,Disc=2
5	4	4	3	3	3	3	2	1	936	fc
5	4	4	3	3	3	3	3	2	969	fc
5	4	4	4	1	1	1	1	1	1	fc
5	4	4	4	2	2	1	1	1	25	PC,Con=23,Disc=2
5	4	4	4	2	2	2	2	1	89	fc
5	4	4	4	3	1	1	1	1	10	PC,Con=8,Disc=2
5	4	4	4	3	2	2	1	1	247	PC,Con=235,Disc=12
5	4	4	4	3	2	2	2	2	375	PC,Con=374,Disc=1
5	4	4	4	3	3	1	1	1	67	PC,Con=60,Disc=7
5	4	4	4	3	3	2	2	1	1063	fc
5	4	4	4	3	3	3	1	1	246	PC,Con=235,Disc=11
5	4	4	4	3	3	3	2	2	1831	fc
5	4	4	4	3	3	3	3	1	559	fc
5	4	4	4	3	3	3	3	3	626	fc
5	4	4	4	4	2	1	1	1	25	PC,Con=20,Disc=5
5	4	4	4	4	2	2	2	1	136	PC,Con=135,Disc=1
5	4	4	4	4	3	2	1	1	223	PC,Con=211,Disc=12
5	4	4	4	4	3	2	2	2	615	PC,Con=614,Disc=1
5	4	4	4	4	3	3	2	1	963	fc
5	4	4	4	4	3	3	3	2	1757	fc
5	4	4	4	4	4	1	1	1	14	PC,Con=12,Disc=2
5	4	4	4	4	4	2	2	1	152	fc
5	4	4	4	4	4	3	1	1	97	PC,Con=92,Disc=5
5	4	4	4	4	4	3	2	2	713	fc
5	4	4	4	4	4	3	3	1	419	fc
5	4	4	4	4	4	3	3	3	801	fc
5	4	4	4	4	4	4	2	1	105	fc
5	4	4	4	4	4	4	3	2	519	fc
5	4	4	4	4	4	4	4	1	40	fc
5	4	4	4	4	4	4	4	3	192	fc
5	5	2	1	1	1	1	1	1	1	fc
5	5	2	2	2	1	1	1	1	5	PC,Con=4,Disc=1
5	5	2	2	2	2	2	1	1	15	PC,Con=12,Disc=3
5	5	2	2	2	2	2	2	2	9	PC,Con=8,Disc=1
5	5	3	2	1	1	1	1	1	2	fc
5	5	3	2	2	2	1	1	1	20	PC,Con=18,Disc=2
5	5	3	2	2	2	2	2	1	43	fc
5	5	3	3	2	1	1	1	1	9	PC,Con=8,Disc=1
5	5	3	3	2	2	2	1	1	82	PC,Con=76,Disc=6
5	5	3	3	2	2	2	2	2	85	PC,Con=84,Disc=1
5	5	3	3	3	2	1	1	1	32	PC,Con=29,Disc=3
5	5	3	3	3	2	2	2	1	184	fc
5	5	3	3	3	3	2	1	1	92	PC,Con=85,Disc=7
5	5	3	3	3	3	2	2	2	238	PC,Con=237,Disc=1
5	5	3	3	3	3	3	2	1	148	fc
5	5	3	3	3	3	3	3	2	142	fc
5	5	4	2	2	1	1	1	1	4	fc
5	5	4	2	2	2	2	1	1	27	PC,Con=26,Disc=1
5	5	4	2	2	2	2	2	2	23	fc
5	5	4	3	1	1	1	1	1	1	fc
5	5	4	3	2	2	1	1	1	36	PC,Con=34,Disc=2
5	5	4	3	2	2	2	2	1	153	fc
5	5	4	3	3	1	1	1	1	9	PC,Con=8,Disc=1
5	5	4	3	3	2	2	1	1	225	PC,Con=215,Disc=10
5	5	4	3	3	2	2	2	2	375	PC,Con=374,Disc=1
5	5	4	3	3	3	1	1	1	40	PC,Con=36,Disc=4
5	5	4	3	3	3	2	2	1	676	fc
5	5	4	3	3	3	3	1	1	129	PC,Con=122,Disc=7
5	5	4	3	3	3	3	2	2	947	fc
5	5	4	3	3	3	3	3	1	236	fc
5	5	4	3	3	3	3	3	3	239	fc
5	5	4	4	2	1	1	1	1	3	fc
5	5	4	4	2	2	2	1	1	46	PC,Con=44,Disc=2
5	5	4	4	2	2	2	2	2	63	fc
5	5	4	4	3	2	1	1	1	46	PC,Con=43,Disc=3
5	5	4	4	3	2	2	2	1	376	fc
5	5	4	4	3	3	2	1	1	337	PC,Con=322,Disc=15
5	5	4	4	3	3	2	2	2	1088	PC,Con=1087,Disc=1
5	5	4	4	3	3	3	2	1	1121	fc
5	5	4	4	3	3	3	3	2	1702	fc
5	5	4	4	4	1	1	1	1	4	PC,Con=3,Disc=1
5	5	4	4	4	2	2	1	1	82	PC,Con=76,Disc=6
5	5	4	4	4	2	2	2	2	143	PC,Con=142,Disc=1
5	5	4	4	4	3	1	1	1	37	PC,Con=33,Disc=4
5	5	4	4	4	3	2	2	1	684	fc
5	5	4	4	4	3	3	1	1	241	PC,Con=229,Disc=12
5	5	4	4	4	3	3	2	2	2027	fc
5	5	4	4	4	3	3	3	1	789	fc
5	5	4	4	4	3	3	3	3	1263	fc
5	5	4	4	4	4	2	1	1	90	PC,Con=84,Disc=6
5	5	4	4	4	4	2	2	2	268	PC,Con=267,Disc=1
5	5	4	4	4	4	3	2	1	735	fc
5	5	4	4	4	4	3	3	2	2224	fc
5	5	4	4	4	4	4	1	1	49	PC,Con=45,Disc=4
5	5	4	4	4	4	4	2	2	351	fc
5	5	4	4	4	4	4	3	1	359	fc
5	5	4	4	4	4	4	3	3	1147	fc
5	5	4	4	4	4	4	4	2	280	fc
5	5	4	4	4	4	4	4	4	126	fc
5	5	5	2	2	2	1	1	1	3	fc
5	5	5	2	2	2	2	2	1	7	fc
5	5	5	3	2	1	1	1	1	1	fc
5	5	5	3	2	2	2	1	1	19	PC,Con=18,Disc=1
5	5	5	3	2	2	2	2	2	27	fc
5	5	5	3	3	2	1	1	1	12	PC,Con=11,Disc=1
5	5	5	3	3	2	2	2	1	89	fc
5	5	5	3	3	3	2	1	1	58	PC,Con=54,Disc=4
5	5	5	3	3	3	2	2	2	182	PC,Con=181,Disc=1
5	5	5	3	3	3	3	2	1	144	fc
5	5	5	3	3	3	3	3	2	181	fc
5	5	5	4	2	2	1	1	1	4	fc
5	5	5	4	2	2	2	2	1	26	fc
5	5	5	4	3	1	1	1	1	2	fc
5	5	5	4	3	2	2	1	1	66	PC,Con=64,Disc=2
5	5	5	4	3	2	2	2	2	143	fc
5	5	5	4	3	3	1	1	1	20	PC,Con=18,Disc=2
5	5	5	4	3	3	2	2	1	391	fc
5	5	5	4	3	3	3	1	1	97	PC,Con=93,Disc=4
5	5	5	4	3	3	3	2	2	848	fc
5	5	5	4	3	3	3	3	1	266	fc
5	5	5	4	3	3	3	3	3	351	fc
5	5	5	4	4	2	1	1	1	11	PC,Con=10,Disc=1
5	5	5	4	4	2	2	2	1	88	fc
5	5	5	4	4	3	2	1	1	149	PC,Con=141,Disc=8
5	5	5	4	4	3	2	2	2	526	PC,Con=525,Disc=1
5	5	5	4	4	3	3	2	1	821	fc
5	5	5	4	4	3	3	3	2	1810	fc
5	5	5	4	4	4	1	1	1	14	PC,Con=12,Disc=2
5	5	5	4	4	4	2	2	1	200	fc
5	5	5	4	4	4	3	1	1	133	PC,Con=126,Disc=7
5	5	5	4	4	4	3	2	2	1161	fc
5	5	5	4	4	4	3	3	1	683	fc
5	5	5	4	4	4	3	3	3	1524	fc
5	5	5	4	4	4	4	2	1	241	fc
5	5	5	4	4	4	4	3	2	1432	fc
5	5	5	4	4	4	4	4	1	132	fc
5	5	5	4	4	4	4	4	3	801	fc
5	5	5	5	2	2	2	1	1	3	fc
5	5	5	5	2	2	2	2	2	7	fc
5	5	5	5	3	2	1	1	1	2	fc
5	5	5	5	3	2	2	2	1	24	fc
5	5	5	5	3	3	2	1	1	25	PC,Con=24,Disc=1
5	5	5	5	3	3	2	2	2	99	fc
5	5	5	5	3	3	3	2	1	95	fc
5	5	5	5	3	3	3	3	2	179	fc
5	5	5	5	4	1	1	1	1	1	fc
5	5	5	5	4	2	2	1	1	14	PC,Con=13,Disc=1
5	5	5	5	4	2	2	2	2	34	fc
5	5	5	5	4	3	1	1	1	8	PC,Con=7,Disc=1
5	5	5	5	4	3	2	2	1	153	fc
5	5	5	5	4	3	3	1	1	60	PC,Con=57,Disc=3
5	5	5	5	4	3	3	2	2	549	fc
5	5	5	5	4	3	3	3	1	221	fc
5	5	5	5	4	3	3	3	3	405	fc
5	5	5	5	4	4	2	1	1	45	PC,Con=41,Disc=4
5	5	5	5	4	4	2	2	2	147	PC,Con=146,Disc=1
5	5	5	5	4	4	3	2	1	394	fc
5	5	5	5	4	4	3	3	2	1353	fc
5	5	5	5	4	4	4	1	1	44	PC,Con=41,Disc=3
5	5	5	5	4	4	4	2	2	341	fc
5	5	5	5	4	4	4	3	1	358	fc
5	5	5	5	4	4	4	3	3	1263	fc
5	5	5	5	4	4	4	4	2	444	fc
5	5	5	5	4	4	4	4	4	286	fc
5	5	5	5	5	2	1	1	1	1	fc
5	5	5	5	5	2	2	2	1	6	fc
5	5	5	5	5	3	2	1	1	11	PC,Con=10,Disc=1
5	5	5	5	5	3	2	2	2	38	fc
5	5	5	5	5	3	3	2	1	59	fc
5	5	5	5	5	3	3	3	2	139	fc
5	5	5	5	5	4	1	1	1	4	PC,Con=3,Disc=1
5	5	5	5	5	4	2	2	1	44	fc
5	5	5	5	5	4	3	1	1	31	PC,Con=29,Disc=2
5	5	5	5	5	4	3	2	2	247	fc
5	5	5	5	5	4	3	3	1	151	fc
5	5	5	5	5	4	3	3	3	351	fc
5	5	5	5	5	4	4	2	1	105	fc
5	5	5	5	5	4	4	3	2	638	fc
5	5	5	5	5	4	4	4	1	98	fc
5	5	5	5	5	4	4	4	3	626	fc
5	5	5	5	5	5	2	1	1	7	PC,Con=5,Disc=2
5	5	5	5	5	5	2	2	2	17	PC,Con=16,Disc=1
5	5	5	5	5	5	3	2	1	30	fc
5	5	5	5	5	5	3	3	2	96	fc
5	5	5	5	5	5	4	1	1	11	PC,Con=10,Disc=1
5	5	5	5	5	5	4	2	2	68	fc
5	5	5	5	5	5	4	3	1	69	fc
5	5	5	5	5	5	4	3	3	239	fc
5	5	5	5	5	5	4	4	2	168	fc
5	5	5	5	5	5	4	4	4	178	fc
5	5	5	5	5	5	5	2	1	8	fc
5	5	5	5	5	5	5	3	2	38	fc
5	5	5	5	5	5	5	4	1	18	fc
5	5	5	5	5	5	5	4	3	98	fc
5	5	5	5	5	5	5	5	2	13	fc
5	5	5	5	5	5	5	5	4	28	fc
6	1	1	1	1	1	1	1	1	1	fD
6	2	2	1	1	1	1	1	1	3	PC,Con=2,Disc=1
6	2	2	2	2	1	1	1	1	5	PC,Con=4,Disc=1
6	2	2	2	2	2	2	1	1	6	PC,Con=5,Disc=1
6	2	2	2	2	2	2	2	2	2	fc
6	3	1	1	1	1	1	1	1	1	fc
6	3	2	2	1	1	1	1	1	7	PC,Con=6,Disc=1
6	3	2	2	2	2	1	1	1	15	PC,Con=14,Disc=1
6	3	2	2	2	2	2	2	1	15	fc
6	3	3	1	1	1	1	1	1	1	fc
6	3	3	2	2	1	1	1	1	14	PC,Con=13,Disc=1
6	3	3	2	2	2	2	1	1	37	PC,Con=35,Disc=2
6	3	3	2	2	2	2	2	2	23	fc
6	3	3	3	1	1	1	1	1	3	PC,Con=2,Disc=1
6	3	3	3	2	2	1	1	1	28	PC,Con=26,Disc=2
6	3	3	3	2	2	2	2	1	65	fc
6	3	3	3	3	1	1	1	1	6	PC,Con=5,Disc=1
6	3	3	3	3	2	2	1	1	55	PC,Con=52,Disc=3
6	3	3	3	3	2	2	2	2	70	fc
6	3	3	3	3	3	1	1	1	9	PC,Con=8,Disc=1
6	3	3	3	3	3	2	2	1	76	fc
6	3	3	3	3	3	3	1	1	15	PC,Con=13,Disc=2
6	3	3	3	3	3	3	2	2	67	fc
6	3	3	3	3	3	3	3	1	15	fc
6	3	3	3	3	3	3	3	3	13	fc
6	4	2	1	1	1	1	1	1	1	fc
6	4	2	2	2	1	1	1	1	7	PC,Con=6,Disc=1
6	4	2	2	2	2	2	1	1	15	PC,Con=14,Disc=1
6	4	2	2	2	2	2	2	2	7	fc
6	4	3	2	1	1	1	1	1	3	fc
6	4	3	2	2	2	1	1	1	27	PC,Con=26,Disc=1
6	4	3	2	2	2	2	2	1	54	fc
6	4	3	3	2	1	1	1	1	14	PC,Con=13,Disc=1
6	4	3	3	2	2	2	1	1	96	PC,Con=93,Disc=3
6	4	3	3	2	2	2	2	2	96	fc
6	4	3	3	3	2	1	1	1	43	PC,Con=41,Disc=2
6	4	3	3	3	2	2	2	1	231	fc
6	4	3	3	3	3	2	1	1	103	PC,Con=100,Disc=3
6	4	3	3	3	3	2	2	2	281	fc
6	4	3	3	3	3	3	2	1	178	fc
6	4	3	3	3	3	3	3	2	165	fc
6	4	4	2	2	1	1	1	1	4	fc
6	4	4	2	2	2	2	1	1	20	PC,Con=19,Disc=1
6	4	4	2	2	2	2	2	2	17	fc
6	4	4	3	1	1	1	1	1	1	fc
6	4	4	3	2	2	1	1	1	28	PC,Con=27,Disc=1
6	4	4	3	2	2	2	2	1	106	fc
6	4	4	3	3	1	1	1	1	9	PC,Con=8,Disc=1
6	4	4	3	3	2	2	1	1	152	PC,Con=147,Disc=5
6	4	4	3	3	2	2	2	2	259	fc
6	4	4	3	3	3	1	1	1	30	PC,Con=28,Disc=2
6	4	4	3	3	3	2	2	1	439	fc
6	4	4	3	3	3	3	1	1	85	PC,Con=81,Disc=4
6	4	4	3	3	3	3	2	2	629	fc
6	4	4	3	3	3	3	3	1	158	fc
6	4	4	3	3	3	3	3	3	168	fc
6	4	4	4	2	1	1	1	1	2	fc
6	4	4	4	2	2	2	1	1	22	PC,Con=21,Disc=1
6	4	4	4	2	2	2	2	2	28	fc
6	4	4	4	3	2	1	1	1	25	PC,Con=24,Disc=1
6	4	4	4	3	2	2	2	1	172	fc
6	4	4	4	3	3	2	1	1	146	PC,Con=142,Disc=4
6	4	4	4	3	3	2	2	2	481	fc
6	4	4	4	3	3	3	2	1	482	fc
6	4	4	4	3	3	3	3	2	746	fc
6	4	4	4	4	1	1	1	1	3	PC,Con=2,Disc=1
6	4	4	4	4	2	2	1	1	34	PC,Con=32,Disc=2
6	4	4	4	4	2	2	2	2	55	fc
6	4	4	4	4	3	1	1	1	16	PC,Con=15,Disc=1
6	4	4	4	4	3	2	2	1	236	fc
6	4	4	4	4	3	3	1	1	85	PC,Con=81,Disc=4
6	4	4	4	4	3	3	2	2	692	fc
6	4	4	4	4	3	3	3	1	270	fc
6	4	4	4	4	3	3	3	3	444	fc
6	4	4	4	4	4	2	1	1	26	PC,Con=25,Disc=1
6	4	4	4	4	4	2	2	2	76	fc
6	4	4	4	4	4	3	2	1	199	fc
6	4	4	4	4	4	3	3	2	601	fc
6	4	4	4	4	4	4	1	1	15	PC,Con=13,Disc=2
6	4	4	4	4	4	4	2	2	89	fc
6	4	4	4	4	4	4	3	1	87	fc
6	4	4	4	4	4	4	3	3	280	fc
6	4	4	4	4	4	4	4	2	58	fc
6	4	4	4	4	4	4	4	4	28	fc
6	5	2	2	1	1	1	1	1	1	fc
6	5	2	2	2	2	1	1	1	7	PC,Con=6,Disc=1
6	5	2	2	2	2	2	2	1	11	fc
6	5	3	2	2	1	1	1	1	3	fc
6	5	3	2	2	2	2	1	1	27	PC,Con=26,Disc=1
6	5	3	2	2	2	2	2	2	23	fc
6	5	3	3	1	1	1	1	1	1	fc
6	5	3	3	2	2	1	1	1	20	PC,Con=19,Disc=1
6	5	3	3	2	2	2	2	1	83	fc
6	5	3	3	3	1	1	1	1	3	fc
6	5	3	3	3	2	2	1	1	71	PC,Con=69,Disc=2
6	5	3	3	3	2	2	2	2	127	fc
6	5	3	3	3	3	1	1	1	11	PC,Con=10,Disc=1
6	5	3	3	3	3	2	2	1	166	fc
6	5	3	3	3	3	3	1	1	27	PC,Con=26,Disc=1
6	5	3	3	3	3	3	2	2	190	fc
6	5	3	3	3	3	3	3	1	44	fc
6	5	3	3	3	3	3	3	3	38	fc
6	5	4	2	2	2	1	1	1	6	fc
6	5	4	2	2	2	2	2	1	24	fc
6	5	4	3	2	1	1	1	1	3	fc
6	5	4	3	2	2	2	1	1	58	PC,Con=57,Disc=1
6	5	4	3	2	2	2	2	2	89	fc
6	5	4	3	3	2	1	1	1	34	PC,Con=33,Disc=1
6	5	4	3	3	2	2	2	1	299	fc
6	5	4	3	3	3	2	1	1	166	PC,Con=162,Disc=4
6	5	4	3	3	3	2	2	2	599	fc
6	5	4	3	3	3	3	2	1	467	fc
6	5	4	3	3	3	3	3	2	605	fc
6	5	4	4	2	2	1	1	1	7	fc
6	5	4	4	2	2	2	2	1	47	fc
6	5	4	4	3	1	1	1	1	3	fc
6	5	4	4	3	2	2	1	1	112	PC,Con=110,Disc=2
6	5	4	4	3	2	2	2	2	265	fc
6	5	4	4	3	3	1	1	1	29	PC,Con=28,Disc=1
6	5	4	4	3	3	2	2	1	679	fc
6	5	4	4	3	3	3	1	1	151	PC,Con=147,Disc=4
6	5	4	4	3	3	3	2	2	1532	fc
6	5	4	4	3	3	3	3	1	460	fc
6	5	4	4	3	3	3	3	3	638	fc
6	5	4	4	4	2	1	1	1	14	PC,Con=13,Disc=1
6	5	4	4	4	2	2	2	1	108	fc
6	5	4	4	4	3	2	1	1	164	PC,Con=160,Disc=4
6	5	4	4	4	3	2	2	2	639	fc
6	5	4	4	4	3	3	2	1	955	fc
6	5	4	4	4	3	3	3	2	2218	fc
6	5	4	4	4	4	1	1	1	11	PC,Con=10,Disc=1
6	5	4	4	4	4	2	2	1	183	fc
6	5	4	4	4	4	3	1	1	107	PC,Con=104,Disc=3
6	5	4	4	4	4	3	2	2	1076	fc
6	5	4	4	4	4	3	3	1	613	fc
6	5	4	4	4	4	3	3	3	1432	fc
6	5	4	4	4	4	4	2	1	176	fc
6	5	4	4	4	4	4	3	2	1086	fc
6	5	4	4	4	4	4	4	1	83	fc
6	5	4	4	4	4	4	4	3	519	fc
6	5	5	2	2	2	2	1	1	4	fc
6	5	5	2	2	2	2	2	2	6	fc
6	5	5	3	2	2	1	1	1	4	fc
6	5	5	3	2	2	2	2	1	28	fc
6	5	5	3	3	1	1	1	1	1	fc
6	5	5	3	3	2	2	1	1	39	PC,Con=38,Disc=1
6	5	5	3	3	2	2	2	2	96	fc
6	5	5	3	3	3	1	1	1	9	PC,Con=8,Disc=1
6	5	5	3	3	3	2	2	1	162	fc
6	5	5	3	3	3	3	1	1	37	PC,Con=35,Disc=2
6	5	5	3	3	3	3	2	2	296	fc
6	5	5	3	3	3	3	3	1	78	fc
6	5	5	3	3	3	3	3	3	96	fc
6	5	5	4	2	2	2	1	1	9	fc
6	5	5	4	2	2	2	2	2	22	fc
6	5	5	4	3	2	1	1	1	9	fc
6	5	5	4	3	2	2	2	1	134	fc
6	5	5	4	3	3	2	1	1	113	PC,Con=111,Disc=2
6	5	5	4	3	3	2	2	2	535	fc
6	5	5	4	3	3	3	2	1	549	fc
6	5	5	4	3	3	3	3	2	1068	fc
6	5	5	4	4	1	1	1	1	1	fc
6	5	5	4	4	2	2	1	1	37	PC,Con=36,Disc=1
6	5	5	4	4	2	2	2	2	96	fc
6	5	5	4	4	3	1	1	1	17	PC,Con=16,Disc=1
6	5	5	4	4	3	2	2	1	455	fc
6	5	5	4	4	3	3	1	1	157	PC,Con=152,Disc=5
6	5	5	4	4	3	3	2	2	1769	fc
6	5	5	4	4	3	3	3	1	686	fc
6	5	5	4	4	3	3	3	3	1353	fc
6	5	5	4	4	4	2	1	1	70	PC,Con=68,Disc=2
6	5	5	4	4	4	2	2	2	281	fc
6	5	5	4	4	4	3	2	1	806	fc
6	5	5	4	4	4	3	3	2	3020	fc
6	5	5	4	4	4	4	1	1	58	PC,Con=55,Disc=3
6	5	5	4	4	4	4	2	2	555	fc
6	5	5	4	4	4	4	3	1	588	fc
6	5	5	4	4	4	4	3	3	2224	fc
6	5	5	4	4	4	4	4	2	601	fc
6	5	5	4	4	4	4	4	4	328	fc
6	5	5	5	2	2	2	2	1	4	fc
6	5	5	5	3	2	2	1	1	9	fc
6	5	5	5	3	2	2	2	2	34	fc
6	5	5	5	3	3	1	1	1	4	fc
6	5	5	5	3	3	2	2	1	89	fc
6	5	5	5	3	3	3	1	1	24	PC,Con=23,Disc=1
6	5	5	5	3	3	3	2	2	262	fc
6	5	5	5	3	3	3	3	1	84	fc
6	5	5	5	3	3	3	3	3	139	fc
6	5	5	5	4	2	1	1	1	2	fc
6	5	5	5	4	2	2	2	1	33	fc
6	5	5	5	4	3	2	1	1	55	PC,Con=54,Disc=1
6	5	5	5	4	3	2	2	2	280	fc
6	5	5	5	4	3	3	2	1	435	fc
6	5	5	5	4	3	3	3	2	1234	fc
6	5	5	5	4	4	1	1	1	9	PC,Con=8,Disc=1
6	5	5	5	4	4	2	2	1	159	fc
6	5	5	5	4	4	3	1	1	101	PC,Con=98,Disc=3
6	5	5	5	4	4	3	2	2	1151	fc
6	5	5	5	4	4	3	3	1	669	fc
6	5	5	5	4	4	3	3	3	1810	fc
6	5	5	5	4	4	4	2	1	303	fc
6	5	5	5	4	4	4	3	2	2218	fc
6	5	5	5	4	4	4	4	1	239	fc
6	5	5	5	4	4	4	4	3	1757	fc
6	5	5	5	5	2	2	1	1	3	fc
6	5	5	5	5	2	2	2	2	10	fc
6	5	5	5	5	3	1	1	1	2	fc
6	5	5	5	5	3	2	2	1	45	fc
6	5	5	5	5	3	3	1	1	19	PC,Con=18,Disc=1
6	5	5	5	5	3	3	2	2	201	fc
6	5	5	5	5	3	3	3	1	82	fc
6	5	5	5	5	3	3	3	3	179	fc
6	5	5	5	5	4	2	1	1	25	PC,Con=24,Disc=1
6	5	5	5	5	4	2	2	2	91	fc
6	5	5	5	5	4	3	2	1	269	fc
6	5	5	5	5	4	3	3	2	1068	fc
6	5	5	5	5	4	4	1	1	40	PC,Con=38,Disc=2
6	5	5	5	5	4	4	2	2	389	fc
6	5	5	5	5	4	4	3	1	418	fc
6	5	5	5	5	4	4	3	3	1702	fc
6	5	5	5	5	4	4	4	2	746	fc
6	5	5	5	5	4	4	4	4	640	fc
6	5	5	5	5	5	1	1	1	3	PC,Con=2,Disc=1
6	5	5	5	5	5	2	2	1	24	fc
6	5	5	5	5	5	3	1	1	16	PC,Con=15,Disc=1
6	5	5	5	5	5	3	2	2	119	fc
6	5	5	5	5	5	3	3	1	74	fc
6	5	5	5	5	5	3	3	3	181	fc
6	5	5	5	5	5	4	2	1	90	fc
6	5	5	5	5	5	4	3	2	605	fc
6	5	5	5	5	5	4	4	1	132	fc
6	5	5	5	5	5	4	4	3	969	fc
6	5	5	5	5	5	5	1	1	7	PC,Con=6,Disc=1
6	5	5	5	5	5	5	2	2	39	fc
6	5	5	5	5	5	5	3	1	38	fc
6	5	5	5	5	5	5	3	3	142	fc
6	5	5	5	5	5	5	4	2	165	fc
6	5	5	5	5	5	5	4	4	280	fc
6	5	5	5	5	5	5	5	1	12	fc
6	5	5	5	5	5	5	5	3	64	fc
6	5	5	5	5	5	5	5	5	20	fc
6	6	2	2	2	1	1	1	1	1	fc
6	6	2	2	2	2	2	1	1	5	PC,Con=4,Disc=1
6	6	2	2	2	2	2	2	2	4	fc
6	6	3	2	2	2	1	1	1	2	fc
6	6	3	2	2	2	2	2	1	11	fc
6	6	3	3	2	1	1	1	1	1	fc
6	6	3	3	2	2	2	1	1	13	PC,Con=12,Disc=1
6	6	3	3	2	2	2	2	2	23	fc
6	6	3	3	3	2	1	1	1	3	fc
6	6	3	3	3	2	2	2	1	32	fc
6	6	3	3	3	3	2	1	1	15	PC,Con=14,Disc=1
6	6	3	3	3	3	2	2	2	55	fc
6	6	3	3	3	3	3	2	1	31	fc
6	6	3	3	3	3	3	3	2	39	fc
6	6	4	2	2	2	2	1	1	4	fc
6	6	4	2	2	2	2	2	2	6	fc
6	6	4	3	2	2	1	1	1	2	fc
6	6	4	3	2	2	2	2	1	23	fc
6	6	4	3	3	1	1	1	1	1	fc
6	6	4	3	3	2	2	1	1	26	PC,Con=25,Disc=1
6	6	4	3	3	2	2	2	2	74	fc
6	6	4	3	3	3	1	1	1	4	fc
6	6	4	3	3	3	2	2	1	103	fc
6	6	4	3	3	3	3	1	1	22	PC,Con=21,Disc=1
6	6	4	3	3	3	3	2	2	200	fc
6	6	4	3	3	3	3	3	1	52	fc
6	6	4	3	3	3	3	3	3	68	fc
6	6	4	4	2	2	2	1	1	5	fc
6	6	4	4	2	2	2	2	2	14	fc
6	6	4	4	3	2	1	1	1	3	fc
6	6	4	4	3	2	2	2	1	51	fc
6	6	4	4	3	3	2	1	1	40	PC,Con=39,Disc=1
6	6	4	4	3	3	2	2	2	205	fc
6	6	4	4	3	3	3	2	1	187	fc
6	6	4	4	3	3	3	3	2	389	fc
6	6	4	4	4	1	1	1	1	1	fc
6	6	4	4	4	2	2	1	1	13	PC,Con=12,Disc=1
6	6	4	4	4	2	2	2	2	32	fc
6	6	4	4	4	3	1	1	1	4	fc
6	6	4	4	4	3	2	2	1	108	fc
6	6	4	4	4	3	3	1	1	40	PC,Con=38,Disc=2
6	6	4	4	4	3	3	2	2	429	fc
6	6	4	4	4	3	3	3	1	165	fc
6	6	4	4	4	3	3	3	3	341	fc
6	6	4	4	4	4	2	1	1	16	PC,Con=15,Disc=1
6	6	4	4	4	4	2	2	2	64	fc
6	6	4	4	4	4	3	2	1	144	fc
6	6	4	4	4	4	3	3	2	555	fc
6	6	4	4	4	4	4	1	1	13	PC,Con=12,Disc=1
6	6	4	4	4	4	4	2	2	98	fc
6	6	4	4	4	4	4	3	1	91	fc
6	6	4	4	4	4	4	3	3	351	fc
6	6	4	4	4	4	4	4	2	89	fc
6	6	4	4	4	4	4	4	4	50	fc
6	6	5	2	2	2	2	2	1	2	fc
6	6	5	3	2	2	2	1	1	4	fc
6	6	5	3	2	2	2	2	2	11	fc
6	6	5	3	3	2	1	1	1	2	fc
6	6	5	3	3	2	2	2	1	31	fc
6	6	5	3	3	3	2	1	1	20	PC,Con=19,Disc=1
6	6	5	3	3	3	2	2	2	90	fc
6	6	5	3	3	3	3	2	1	74	fc
6	6	5	3	3	3	3	3	2	119	fc
6	6	5	4	2	2	2	2	1	6	fc
6	6	5	4	3	2	2	1	1	13	fc
6	6	5	4	3	2	2	2	2	59	fc
6	6	5	4	3	3	1	1	1	3	fc
6	6	5	4	3	3	2	2	1	138	fc
6	6	5	4	3	3	3	1	1	35	PC,Con=34,Disc=1
6	6	5	4	3	3	3	2	2	452	fc
6	6	5	4	3	3	3	3	1	142	fc
6	6	5	4	3	3	3	3	3	247	fc
6	6	5	4	4	2	1	1	1	2	fc
6	6	5	4	4	2	2	2	1	31	fc
6	6	5	4	4	3	2	1	1	44	PC,Con=43,Disc=1
6	6	5	4	4	3	2	2	2	259	fc
6	6	5	4	4	3	3	2	1	378	fc
6	6	5	4	4	3	3	3	2	1151	fc
6	6	5	4	4	4	1	1	1	3	fc
6	6	5	4	4	4	2	2	1	90	fc
6	6	5	4	4	4	3	1	1	56	PC,Con=54,Disc=2
6	6	5	4	4	4	3	2	2	708	fc
6	6	5	4	4	4	3	3	1	408	fc
6	6	5	4	4	4	3	3	3	1161	fc
6	6	5	4	4	4	4	2	1	142	fc
6	6	5	4	4	4	4	3	2	1076	fc
6	6	5	4	4	4	4	4	1	96	fc
6	6	5	4	4	4	4	4	3	713	fc
6	6	5	5	2	2	2	2	2	4	fc
6	6	5	5	3	2	2	2	1	10	fc
6	6	5	5	3	3	2	1	1	10	fc
6	6	5	5	3	3	2	2	2	78	fc
6	6	5	5	3	3	3	2	1	73	fc
6	6	5	5	3	3	3	3	2	201	fc
6	6	5	5	4	2	2	1	1	5	fc
6	6	5	5	4	2	2	2	2	24	fc
6	6	5	5	4	3	1	1	1	2	fc
6	6	5	5	4	3	2	2	1	98	fc
6	6	5	5	4	3	3	1	1	37	PC,Con=36,Disc=1
6	6	5	5	4	3	3	2	2	560	fc
6	6	5	5	4	3	3	3	1	219	fc
6	6	5	5	4	3	3	3	3	549	fc
6	6	5	5	4	4	2	1	1	26	PC,Con=25,Disc=1
6	6	5	5	4	4	2	2	2	140	fc
6	6	5	5	4	4	3	2	1	372	fc
6	6	5	5	4	4	3	3	2	1769	fc
6	6	5	5	4	4	4	1	1	38	PC,Con=36,Disc=2
6	6	5	5	4	4	4	2	2	429	fc
6	6	5	5	4	4	4	3	1	452	fc
6	6	5	5	4	4	4	3	3	2027	fc
6	6	5	5	4	4	4	4	2	692	fc
6	6	5	5	4	4	4	4	4	508	fc
6	6	5	5	5	2	2	2	1	4	fc
6	6	5	5	5	3	2	1	1	7	fc
6	6	5	5	5	3	2	2	2	49	fc
6	6	5	5	5	3	3	2	1	74	fc
6	6	5	5	5	3	3	3	2	262	fc
6	6	5	5	5	4	1	1	1	2	fc
6	6	5	5	5	4	2	2	1	51	fc
6	6	5	5	5	4	3	1	1	33	PC,Con=32,Disc=1
6	6	5	5	5	4	3	2	2	452	fc
6	6	5	5	5	4	3	3	1	268	fc
6	6	5	5	5	4	3	3	3	848	fc
6	6	5	5	5	4	4	2	1	180	fc
6	6	5	5	5	4	4	3	2	1532	fc
6	6	5	5	5	4	4	4	1	216	fc
6	6	5	5	5	4	4	4	3	1831	fc
6	6	5	5	5	5	2	1	1	9	PC,Con=8,Disc=1
6	6	5	5	5	5	2	2	2	30	fc
6	6	5	5	5	5	3	2	1	72	fc
6	6	5	5	5	5	3	3	2	296	fc
6	6	5	5	5	5	4	1	1	20	PC,Con=19,Disc=1
6	6	5	5	5	5	4	2	2	200	fc
6	6	5	5	5	5	4	3	1	215	fc
6	6	5	5	5	5	4	3	3	947	fc
6	6	5	5	5	5	4	4	2	629	fc
6	6	5	5	5	5	4	4	4	766	fc
6	6	5	5	5	5	5	2	1	29	fc
6	6	5	5	5	5	5	3	2	190	fc
6	6	5	5	5	5	5	4	1	78	fc
6	6	5	5	5	5	5	4	3	607	fc
6	6	5	5	5	5	5	5	2	67	fc
6	6	5	5	5	5	5	5	4	195	fc
6	6	6	2	2	2	2	2	2	1	fc
6	6	6	3	2	2	2	2	1	1	fc
6	6	6	3	3	2	2	1	1	2	fc
6	6	6	3	3	2	2	2	2	7	fc
6	6	6	3	3	3	1	1	1	1	fc
6	6	6	3	3	3	2	2	1	11	fc
6	6	6	3	3	3	3	1	1	5	PC,Con=4,Disc=1
6	6	6	3	3	3	3	2	2	30	fc
6	6	6	3	3	3	3	3	1	10	fc
6	6	6	3	3	3	3	3	3	17	fc
6	6	6	4	2	2	2	2	2	1	fc
6	6	6	4	3	2	2	2	1	5	fc
6	6	6	4	3	3	2	1	1	4	fc
6	6	6	4	3	3	2	2	2	32	fc
6	6	6	4	3	3	3	2	1	35	fc
6	6	6	4	3	3	3	3	2	91	fc
6	6	6	4	4	2	2	1	1	2	fc
6	6	6	4	4	2	2	2	2	8	fc
6	6	6	4	4	3	1	1	1	1	fc
6	6	6	4	4	3	2	2	1	25	fc
6	6	6	4	4	3	3	1	1	13	PC,Con=12,Disc=1
6	6	6	4	4	3	3	2	2	140	fc
6	6	6	4	4	3	3	3	1	59	fc
6	6	6	4	4	3	3	3	3	147	fc
6	6	6	4	4	4	2	1	1	4	fc
6	6	6	4	4	4	2	2	2	24	fc
6	6	6	4	4	4	3	2	1	62	fc
6	6	6	4	4	4	3	3	2	281	fc
6	6	6	4	4	4	4	1	1	8	PC,Con=7,Disc=1
6	6	6	4	4	4	4	2	2	64	fc
6	6	6	4	4	4	4	3	1	65	fc
6	6	6	4	4	4	4	3	3	268	fc
6	6	6	4	4	4	4	4	2	76	fc
6	6	6	4	4	4	4	4	4	56	fc
6	6	6	5	3	2	2	2	2	4	fc
6	6	6	5	3	3	2	2	1	9	fc
6	6	6	5	3	3	3	1	1	4	fc
6	6	6	5	3	3	3	2	2	49	fc
6	6	6	5	3	3	3	3	1	17	fc
6	6	6	5	3	3	3	3	3	38	fc
6	6	6	5	4	2	2	2	1	3	fc
6	6	6	5	4	3	2	1	1	4	fc
6	6	6	5	4	3	2	2	2	44	fc
6	6	6	5	4	3	3	2	1	68	fc
6	6	6	5	4	3	3	3	2	280	fc
6	6	6	5	4	4	1	1	1	1	fc
6	6	6	5	4	4	2	2	1	25	fc
6	6	6	5	4	4	3	1	1	20	PC,Con=19,Disc=1
6	6	6	5	4	4	3	2	2	259	fc
6	6	6	5	4	4	3	3	1	157	fc
6	6	6	5	4	4	3	3	3	526	fc
6	6	6	5	4	4	4	2	1	75	fc
6	6	6	5	4	4	4	3	2	639	fc
6	6	6	5	4	4	4	4	1	78	fc
6	6	6	5	4	4	4	4	3	615	fc
6	6	6	5	5	2	2	2	2	3	fc
6	6	6	5	5	3	2	2	1	9	fc
6	6	6	5	5	3	3	1	1	5	fc
6	6	6	5	5	3	3	2	2	78	fc
6	6	6	5	5	3	3	3	1	32	fc
6	6	6	5	5	3	3	3	3	99	fc
6	6	6	5	5	4	2	1	1	4	fc
6	6	6	5	5	4	2	2	2	32	fc
6	6	6	5	5	4	3	2	1	96	fc
6	6	6	5	5	4	3	3	2	535	fc
6	6	6	5	5	4	4	1	1	19	PC,Con=18,Disc=1
6	6	6	5	5	4	4	2	2	205	fc
6	6	6	5	5	4	4	3	1	221	fc
6	6	6	5	5	4	4	3	3	1088	fc
6	6	6	5	5	4	4	4	2	481	fc
6	6	6	5	5	4	4	4	4	494	fc
6	6	6	5	5	5	1	1	1	1	fc
6	6	6	5	5	5	2	2	1	11	fc
6	6	6	5	5	5	3	1	1	9	PC,Con=8,Disc=1
6	6	6	5	5	5	3	2	2	90	fc
6	6	6	5	5	5	3	3	1	58	fc
6	6	6	5	5	5	3	3	3	182	fc
6	6	6	5	5	5	4	2	1	72	fc
6	6	6	5	5	5	4	3	2	599	fc
6	6	6	5	5	5	4	4	1	135	fc
6	6	6	5	5	5	4	4	3	1156	fc
6	6	6	5	5	5	5	1	1	8	PC,Con=7,Disc=1
6	6	6	5	5	5	5	2	2	55	fc
6	6	6	5	5	5	5	3	1	55	fc
6	6	6	5	5	5	5	3	3	238	fc
6	6	6	5	5	5	5	4	2	281	fc
6	6	6	5	5	5	5	4	4	550	fc
6	6	6	5	5	5	5	5	1	24	fc
6	6	6	5	5	5	5	5	3	164	fc
6	6	6	5	5	5	5	5	5	68	fc
6	6	6	6	3	3	2	2	2	3	fc
6	6	6	6	3	3	3	2	1	2	fc
6	6	6	6	3	3	3	3	2	10	fc
6	6	6	6	4	2	2	2	2	2	fc
6	6	6	6	4	3	2	2	1	2	fc
6	6	6	6	4	3	3	1	1	2	fc
6	6	6	6	4	3	3	2	2	24	fc
6	6	6	6	4	3	3	3	1	10	fc
6	6	6	6	4	3	3	3	3	34	fc
6	6	6	6	4	4	2	1	1	1	fc
6	6	6	6	4	4	2	2	2	8	fc
6	6	6	6	4	4	3	2	1	17	fc
6	6	6	6	4	4	3	3	2	96	fc
6	6	6	6	4	4	4	1	1	5	PC,Con=4,Disc=1
6	6	6	6	4	4	4	2	2	32	fc
6	6	6	6	4	4	4	3	1	30	fc
6	6	6	6	4	4	4	3	3	143	fc
6	6	6	6	4	4	4	4	2	55	fc
6	6	6	6	4	4	4	4	4	52	fc
6	6	6	6	5	3	2	2	2	4	fc
6	6	6	6	5	3	3	2	1	6	fc
6	6	6	6	5	3	3	3	2	34	fc
6	6	6	6	5	4	2	2	1	4	fc
6	6	6	6	5	4	3	1	1	4	fc
6	6	6	6	5	4	3	2	2	59	fc
6	6	6	6	5	4	3	3	1	37	fc
6	6	6	6	5	4	3	3	3	143	fc
6	6	6	6	5	4	4	2	1	31	fc
6	6	6	6	5	4	4	3	2	265	fc
6	6	6	6	5	4	4	4	1	44	fc
6	6	6	6	5	4	4	4	3	375	fc
6	6	6	6	5	5	2	1	1	1	fc
6	6	6	6	5	5	2	2	2	7	fc
6	6	6	6	5	5	3	2	1	18	fc
6	6	6	6	5	5	3	3	2	96	fc
6	6	6	6	5	5	4	1	1	9	PC,Con=8,Disc=1
6	6	6	6	5	5	4	2	2	74	fc
6	6	6	6	5	5	4	3	1	80	fc
6	6	6	6	5	5	4	3	3	375	fc
6	6	6	6	5	5	4	4	2	259	fc
6	6	6	6	5	5	4	4	4	355	fc
6	6	6	6	5	5	5	2	1	20	fc
6	6	6	6	5	5	5	3	2	127	fc
6	6	6	6	5	5	5	4	1	57	fc
6	6	6	6	5	5	5	4	3	449	fc
6	6	6	6	5	5	5	5	2	70	fc
6	6	6	6	5	5	5	5	4	233	fc
6	6	6	6	6	3	3	2	2	4	fc
6	6	6	6	6	3	3	3	1	1	fc
6	6	6	6	6	3	3	3	3	7	fc
6	6	6	6	6	4	2	2	2	1	fc
6	6	6	6	6	4	3	2	1	3	fc
6	6	6	6	6	4	3	3	2	22	fc
6	6	6	6	6	4	4	1	1	2	fc
6	6	6	6	6	4	4	2	2	14	fc
6	6	6	6	6	4	4	3	1	11	fc
6	6	6	6	6	4	4	3	3	63	fc
6	6	6	6	6	4	4	4	2	28	fc
6	6	6	6	6	4	4	4	4	37	fc
6	6	6	6	6	5	2	2	1	1	fc
6	6	6	6	6	5	3	1	1	1	fc
6	6	6	6	6	5	3	2	2	11	fc
6	6	6	6	6	5	3	3	1	8	fc
6	6	6	6	6	5	3	3	3	27	fc
6	6	6	6	6	5	4	2	1	13	fc
6	6	6	6	6	5	4	3	2	89	fc
6	6	6	6	6	5	4	4	1	23	fc
6	6	6	6	6	5	4	4	3	186	fc
6	6	6	6	6	5	5	1	1	5	PC,Con=4,Disc=1
6	6	6	6	6	5	5	2	2	23	fc
6	6	6	6	6	5	5	3	1	21	fc
6	6	6	6	6	5	5	3	3	85	fc
6	6	6	6	6	5	5	4	2	96	fc
6	6	6	6	6	5	5	4	4	199	fc
6	6	6	6	6	5	5	5	1	14	fc
6	6	6	6	6	5	5	5	3	94	fc
6	6	6	6	6	5	5	5	5	60	fc
6	6	6	6	6	6	2	2	2	1	fc
6	6	6	6	6	6	3	2	1	1	fc
6	6	6	6	6	6	3	3	2	6	fc
6	6	6	6	6	6	4	1	1	1	fc
6	6	6	6	6	6	4	2	2	6	fc
6	6	6	6	6	6	4	3	1	6	fc
6	6	6	6	6	6	4	3	3	23	fc
6	6	6	6	6	6	4	4	2	17	fc
6	6	6	6	6	6	4	4	4	25	fc
6	6	6	6	6	6	5	2	1	6	fc
6	6	6	6	6	6	5	3	2	23	fc
6	6	6	6	6	6	5	4	1	11	fc
6	6	6	6	6	6	5	4	3	68	fc
6	6	6	6	6	6	5	5	2	23	fc
6	6	6	6	6	6	5	5	4	70	fc
6	6	6	6	6	6	6	1	1	2	PC,Con=1,Disc=1
6	6	6	6	6	6	6	2	2	4	fc
6	6	6	6	6	6	6	3	1	3	fc
6	6	6	6	6	6	6	3	3	9	fc
6	6	6	6	6	6	6	4	2	7	fc
6	6	6	6	6	6	6	4	4	16	fc
6	6	6	6	6	6	6	5	1	3	fc
6	6	6	6	6	6	6	5	3	14	fc
6	6	6	6	6	6	6	5	5	20	fc
6	6	6	6	6	6	6	6	2	2	fc
6	6	6	6	6	6	6	6	4	5	fc
6	6	6	6	6	6	6	6	6	4	fc
7	2	1	1	1	1	1	1	1	1	fc
7	2	2	2	1	1	1	1	1	2	fc
7	2	2	2	2	2	1	1	1	2	fc
7	2	2	2	2	2	2	2	1	2	fc
7	3	2	1	1	1	1	1	1	1	fc
7	3	2	2	2	1	1	1	1	4	fc
7	3	2	2	2	2	2	1	1	5	fc
7	3	2	2	2	2	2	2	2	3	fc
7	3	3	2	1	1	1	1	1	2	fc
7	3	3	2	2	2	1	1	1	7	fc
7	3	3	2	2	2	2	2	1	11	fc
7	3	3	3	2	1	1	1	1	4	fc
7	3	3	3	2	2	2	1	1	13	fc
7	3	3	3	2	2	2	2	2	14	fc
7	3	3	3	3	2	1	1	1	6	fc
7	3	3	3	3	2	2	2	1	23	fc
7	3	3	3	3	3	2	1	1	9	fc
7	3	3	3	3	3	2	2	2	24	fc
7	3	3	3	3	3	3	2	1	14	fc
7	3	3	3	3	3	3	3	2	12	fc
7	4	2	2	1	1	1	1	1	1	fc
7	4	2	2	2	2	1	1	1	4	fc
7	4	2	2	2	2	2	2	1	5	fc
7	4	3	2	2	1	1	1	1	3	fc
7	4	3	2	2	2	2	1	1	11	fc
7	4	3	2	2	2	2	2	2	11	fc
7	4	3	3	1	1	1	1	1	1	fc
7	4	3	3	2	2	1	1	1	12	fc
7	4	3	3	2	2	2	2	1	34	fc
7	4	3	3	3	1	1	1	1	3	fc
7	4	3	3	3	2	2	1	1	30	fc
7	4	3	3	3	2	2	2	2	57	fc
7	4	3	3	3	3	1	1	1	6	fc
7	4	3	3	3	3	2	2	1	63	fc
7	4	3	3	3	3	3	1	1	10	fc
7	4	3	3	3	3	3	2	2	78	fc
7	4	3	3	3	3	3	3	1	18	fc
7	4	3	3	3	3	3	3	3	18	fc
7	4	4	2	2	2	1	1	1	2	fc
7	4	4	2	2	2	2	2	1	7	fc
7	4	4	3	2	1	1	1	1	2	fc
7	4	4	3	2	2	2	1	1	14	fc
7	4	4	3	2	2	2	2	2	23	fc
7	4	4	3	3	2	1	1	1	12	fc
7	4	4	3	3	2	2	2	1	66	fc
7	4	4	3	3	3	2	1	1	36	fc
7	4	4	3	3	3	2	2	2	135	fc
7	4	4	3	3	3	3	2	1	92	fc
7	4	4	3	3	3	3	3	2	132	fc
7	4	4	4	2	2	1	1	1	2	fc
7	4	4	4	2	2	2	2	1	9	fc
7	4	4	4	3	1	1	1	1	2	fc
7	4	4	4	3	2	2	1	1	19	fc
7	4	4	4	3	2	2	2	2	44	fc
7	4	4	4	3	3	1	1	1	7	fc
7	4	4	4	3	3	2	2	1	94	fc
7	4	4	4	3	3	3	1	1	22	fc
7	4	4	4	3	3	3	2	2	216	fc
7	4	4	4	3	3	3	3	1	66	fc
7	4	4	4	3	3	3	3	3	98	fc
7	4	4	4	4	2	1	1	1	4	fc
7	4	4	4	4	2	2	2	1	16	fc
7	4	4	4	4	3	2	1	1	20	fc
7	4	4	4	4	3	2	2	2	78	fc
7	4	4	4	4	3	3	2	1	97	fc
7	4	4	4	4	3	3	3	2	239	fc
7	4	4	4	4	4	1	1	1	2	fc
7	4	4	4	4	4	2	2	1	19	fc
7	4	4	4	4	4	3	1	1	10	fc
7	4	4	4	4	4	3	2	2	96	fc
7	4	4	4	4	4	3	3	1	54	fc
7	4	4	4	4	4	3	3	3	132	fc
7	4	4	4	4	4	4	2	1	16	fc
7	4	4	4	4	4	4	3	2	83	fc
7	4	4	4	4	4	4	4	1	8	fc
7	4	4	4	4	4	4	4	3	40	fc
7	5	2	2	2	1	1	1	1	1	fc
7	5	2	2	2	2	2	1	1	4	fc
7	5	2	2	2	2	2	2	2	3	fc
7	5	3	2	2	2	1	1	1	3	fc
7	5	3	2	2	2	2	2	1	11	fc
7	5	3	3	2	1	1	1	1	1	fc
7	5	3	3	2	2	2	1	1	12	fc
7	5	3	3	2	2	2	2	2	21	fc
7	5	3	3	3	2	1	1	1	5	fc
7	5	3	3	3	2	2	2	1	35	fc
7	5	3	3	3	3	2	1	1	15	fc
7	5	3	3	3	3	2	2	2	55	fc
7	5	3	3	3	3	3	2	1	31	fc
7	5	3	3	3	3	3	3	2	38	fc
7	5	4	2	2	2	2	1	1	3	fc
7	5	4	2	2	2	2	2	2	6	fc
7	5	4	3	2	2	1	1	1	3	fc
7	5	4	3	2	2	2	2	1	24	fc
7	5	4	3	3	1	1	1	1	1	fc
7	5	4	3	3	2	2	1	1	27	fc
7	5	4	3	3	2	2	2	2	80	fc
7	5	4	3	3	3	1	1	1	6	fc
7	5	4	3	3	3	2	2	1	111	fc
7	5	4	3	3	3	3	1	1	20	fc
7	5	4	3	3	3	3	2	2	215	fc
7	5	4	3	3	3	3	3	1	51	fc
7	5	4	3	3	3	3	3	3	69	fc
7	5	4	4	2	2	2	1	1	4	fc
7	5	4	4	2	2	2	2	2	11	fc
7	5	4	4	3	2	1	1	1	5	fc
7	5	4	4	3	2	2	2	1	54	fc
7	5	4	4	3	3	2	1	1	42	fc
7	5	4	4	3	3	2	2	2	221	fc
7	5	4	4	3	3	3	2	1	192	fc
7	5	4	4	3	3	3	3	2	418	fc
7	5	4	4	4	1	1	1	1	1	fc
7	5	4	4	4	2	2	1	1	12	fc
7	5	4	4	4	2	2	2	2	30	fc
7	5	4	4	4	3	1	1	1	6	fc
7	5	4	4	4	3	2	2	1	113	fc
7	5	4	4	4	3	3	1	1	36	fc
7	5	4	4	4	3	3	2	2	452	fc
7	5	4	4	4	3	3	3	1	165	fc
7	5	4	4	4	3	3	3	3	358	fc
7	5	4	4	4	4	2	1	1	15	fc
7	5	4	4	4	4	2	2	2	65	fc
7	5	4	4	4	4	3	2	1	142	fc
7	5	4	4	4	4	3	3	2	588	fc
7	5	4	4	4	4	4	1	1	9	fc
7	5	4	4	4	4	4	2	2	91	fc
7	5	4	4	4	4	4	3	1	86	fc
7	5	4	4	4	4	4	3	3	359	fc
7	5	4	4	4	4	4	4	2	87	fc
7	5	4	4	4	4	4	4	4	44	fc
7	5	5	2	2	2	2	2	1	2	fc
7	5	5	3	2	2	2	1	1	2	fc
7	5	5	3	2	2	2	2	2	8	fc
7	5	5	3	3	2	1	1	1	2	fc
7	5	5	3	3	2	2	2	1	20	fc
7	5	5	3	3	3	2	1	1	12	fc
7	5	5	3	3	3	2	2	2	58	fc
7	5	5	3	3	3	3	2	1	43	fc
7	5	5	3	3	3	3	3	2	74	fc
7	5	5	4	2	2	2	2	1	4	fc
7	5	5	4	3	2	2	1	1	8	fc
7	5	5	4	3	2	2	2	2	37	fc
7	5	5	4	3	3	1	1	1	3	fc
7	5	5	4	3	3	2	2	1	81	fc
7	5	5	4	3	3	3	1	1	19	fc
7	5	5	4	3	3	3	2	2	268	fc
7	5	5	4	3	3	3	3	1	80	fc
7	5	5	4	3	3	3	3	3	151	fc
7	5	5	4	4	2	1	1	1	2	fc
7	5	5	4	4	2	2	2	1	19	fc
7	5	5	4	4	3	2	1	1	27	fc
7	5	5	4	4	3	2	2	2	157	fc
7	5	5	4	4	3	3	2	1	206	fc
7	5	5	4	4	3	3	3	2	669	fc
7	5	5	4	4	4	1	1	1	3	fc
7	5	5	4	4	4	2	2	1	53	fc
7	5	5	4	4	4	3	1	1	30	fc
7	5	5	4	4	4	3	2	2	408	fc
7	5	5	4	4	4	3	3	1	220	fc
7	5	5	4	4	4	3	3	3	683	fc
7	5	5	4	4	4	4	2	1	78	fc
7	5	5	4	4	4	4	3	2	613	fc
7	5	5	4	4	4	4	4	1	54	fc
7	5	5	4	4	4	4	4	3	419	fc
7	5	5	5	2	2	2	2	2	1	fc
7	5	5	5	3	2	2	2	1	5	fc
7	5	5	5	3	3	2	1	1	4	fc
7	5	5	5	3	3	2	2	2	32	fc
7	5	5	5	3	3	3	2	1	30	fc
7	5	5	5	3	3	3	3	2	82	fc
7	5	5	5	4	2	2	1	1	2	fc
7	5	5	5	4	2	2	2	2	10	fc
7	5	5	5	4	3	1	1	1	2	fc
7	5	5	5	4	3	2	2	1	40	fc
7	5	5	5	4	3	3	1	1	14	fc
7	5	5	5	4	3	3	2	2	219	fc
7	5	5	5	4	3	3	3	1	84	fc
7	5	5	5	4	3	3	3	3	221	fc
7	5	5	5	4	4	2	1	1	12	fc
7	5	5	5	4	4	2	2	2	59	fc
7	5	5	5	4	4	3	2	1	138	fc
7	5	5	5	4	4	3	3	2	686	fc
7	5	5	5	4	4	4	1	1	13	fc
7	5	5	5	4	4	4	2	2	165	fc
7	5	5	5	4	4	4	3	1	165	fc
7	5	5	5	4	4	4	3	3	789	fc
7	5	5	5	4	4	4	4	2	270	fc
7	5	5	5	4	4	4	4	4	198	fc
7	5	5	5	5	2	2	2	1	2	fc
7	5	5	5	5	3	2	1	1	3	fc
7	5	5	5	5	3	2	2	2	17	fc
7	5	5	5	5	3	3	2	1	24	fc
7	5	5	5	5	3	3	3	2	84	fc
7	5	5	5	5	4	1	1	1	2	fc
7	5	5	5	5	4	2	2	1	19	fc
7	5	5	5	5	4	3	1	1	11	fc
7	5	5	5	5	4	3	2	2	142	fc
7	5	5	5	5	4	3	3	1	80	fc
7	5	5	5	5	4	3	3	3	266	fc
7	5	5	5	5	4	4	2	1	55	fc
7	5	5	5	5	4	4	3	2	460	fc
7	5	5	5	5	4	4	4	1	66	fc
7	5	5	5	5	4	4	4	3	559	fc
7	5	5	5	5	5	2	1	1	4	fc
7	5	5	5	5	5	2	2	2	10	fc
7	5	5	5	5	5	3	2	1	20	fc
7	5	5	5	5	5	3	3	2	78	fc
7	5	5	5	5	5	4	1	1	5	fc
7	5	5	5	5	5	4	2	2	52	fc
7	5	5	5	5	5	4	3	1	51	fc
7	5	5	5	5	5	4	3	3	236	fc
7	5	5	5	5	5	4	4	2	158	fc
7	5	5	5	5	5	4	4	4	192	fc
7	5	5	5	5	5	5	2	1	8	fc
7	5	5	5	5	5	5	3	2	44	fc
7	5	5	5	5	5	5	4	1	18	fc
7	5	5	5	5	5	5	4	3	134	fc
7	5	5	5	5	5	5	5	2	15	fc
7	5	5	5	5	5	5	5	4	40	fc
7	6	2	2	2	2	1	1	1	1	fc
7	6	2	2	2	2	2	2	1	4	fc
7	6	3	2	2	2	2	1	1	3	fc
7	6	3	2	2	2	2	2	2	6	fc
7	6	3	3	2	2	1	1	1	1	fc
7	6	3	3	2	2	2	2	1	12	fc
7	6	3	3	3	2	2	1	1	5	fc
7	6	3	3	3	2	2	2	2	20	fc
7	6	3	3	3	3	1	1	1	1	fc
7	6	3	3	3	3	2	2	1	19	fc
7	6	3	3	3	3	3	1	1	3	fc
7	6	3	3	3	3	3	2	2	29	fc
7	6	3	3	3	3	3	3	1	8	fc
7	6	3	3	3	3	3	3	3	8	fc
7	6	4	2	2	2	2	2	1	3	fc
7	6	4	3	2	2	2	1	1	3	fc
7	6	4	3	2	2	2	2	2	13	fc
7	6	4	3	3	2	1	1	1	1	fc
7	6	4	3	3	2	2	2	1	27	fc
7	6	4	3	3	3	2	1	1	10	fc
7	6	4	3	3	3	2	2	2	72	fc
7	6	4	3	3	3	3	2	1	48	fc
7	6	4	3	3	3	3	3	2	90	fc
7	6	4	4	2	2	2	2	1	4	fc
7	6	4	4	3	2	2	1	1	5	fc
7	6	4	4	3	2	2	2	2	31	fc
7	6	4	4	3	3	1	1	1	1	fc
7	6	4	4	3	3	2	2	1	53	fc
7	6	4	4	3	3	3	1	1	11	fc
7	6	4	4	3	3	3	2	2	180	fc
7	6	4	4	3	3	3	3	1	55	fc
7	6	4	4	3	3	3	3	3	105	fc
7	6	4	4	4	2	1	1	1	1	fc
7	6	4	4	4	2	2	2	1	12	fc
7	6	4	4	4	3	2	1	1	10	fc
7	6	4	4	4	3	2	2	2	75	fc
7	6	4	4	4	3	3	2	1	90	fc
7	6	4	4	4	3	3	3	2	303	fc
7	6	4	4	4	4	1	1	1	1	fc
7	6	4	4	4	4	2	2	1	21	fc
7	6	4	4	4	4	3	1	1	9	fc
7	6	4	4	4	4	3	2	2	142	fc
7	6	4	4	4	4	3	3	1	78	fc
7	6	4	4	4	4	3	3	3	241	fc
7	6	4	4	4	4	4	2	1	24	fc
7	6	4	4	4	4	4	3	2	176	fc
7	6	4	4	4	4	4	4	1	16	fc
7	6	4	4	4	4	4	4	3	105	fc
7	6	5	2	2	2	2	2	2	1	fc
7	6	5	3	2	2	2	2	1	3	fc
7	6	5	3	3	2	2	1	1	3	fc
7	6	5	3	3	2	2	2	2	18	fc
7	6	5	3	3	3	1	1	1	1	fc
7	6	5	3	3	3	2	2	1	27	fc
7	6	5	3	3	3	3	1	1	6	fc
7	6	5	3	3	3	3	2	2	72	fc
7	6	5	3	3	3	3	3	1	20	fc
7	6	5	3	3	3	3	3	3	30	fc
7	6	5	4	2	2	2	2	2	3	fc
7	6	5	4	3	2	2	2	1	13	fc
7	6	5	4	3	3	2	1	1	8	fc
7	6	5	4	3	3	2	2	2	96	fc
7	6	5	4	3	3	3	2	1	86	fc
7	6	5	4	3	3	3	3	2	269	fc
7	6	5	4	4	2	2	1	1	3	fc
7	6	5	4	4	2	2	2	2	17	fc
7	6	5	4	4	3	1	1	1	1	fc
7	6	5	4	4	3	2	2	1	61	fc
7	6	5	4	4	3	3	1	1	18	fc
7	6	5	4	4	3	3	2	2	372	fc
7	6	5	4	4	3	3	3	1	138	fc
7	6	5	4	4	3	3	3	3	394	fc
7	6	5	4	4	4	2	1	1	8	fc
7	6	5	4	4	4	2	2	2	62	fc
7	6	5	4	4	4	3	2	1	144	fc
7	6	5	4	4	4	3	3	2	806	fc
7	6	5	4	4	4	4	1	1	9	fc
7	6	5	4	4	4	4	2	2	144	fc
7	6	5	4	4	4	4	3	1	142	fc
7	6	5	4	4	4	4	3	3	735	fc
7	6	5	4	4	4	4	4	2	199	fc
7	6	5	4	4	4	4	4	4	128	fc
7	6	5	5	3	2	2	2	2	6	fc
7	6	5	5	3	3	2	2	1	13	fc
7	6	5	5	3	3	3	1	1	3	fc
7	6	5	5	3	3	3	2	2	74	fc
7	6	5	5	3	3	3	3	1	24	fc
7	6	5	5	3	3	3	3	3	59	fc
7	6	5	5	4	2	2	2	1	4	fc
7	6	5	5	4	3	2	1	1	5	fc
7	6	5	5	4	3	2	2	2	68	fc
7	6	5	5	4	3	3	2	1	90	fc
7	6	5	5	4	3	3	3	2	435	fc
7	6	5	5	4	4	1	1	1	1	fc
7	6	5	5	4	4	2	2	1	35	fc
7	6	5	5	4	4	3	1	1	18	fc
7	6	5	5	4	4	3	2	2	378	fc
7	6	5	5	4	4	3	3	1	206	fc
7	6	5	5	4	4	3	3	3	821	fc
7	6	5	5	4	4	4	2	1	90	fc
7	6	5	5	4	4	4	3	2	955	fc
7	6	5	5	4	4	4	4	1	97	fc
7	6	5	5	4	4	4	4	3	963	fc
7	6	5	5	5	2	2	2	2	2	fc
7	6	5	5	5	3	2	2	1	9	fc
7	6	5	5	5	3	3	1	1	3	fc
7	6	5	5	5	3	3	2	2	73	fc
7	6	5	5	5	3	3	3	1	30	fc
7	6	5	5	5	3	3	3	3	95	fc
7	6	5	5	5	4	2	1	1	5	fc
7	6	5	5	5	4	2	2	2	35	fc
7	6	5	5	5	4	3	2	1	86	fc
7	6	5	5	5	4	3	3	2	549	fc
7	6	5	5	5	4	4	1	1	10	fc
7	6	5	5	5	4	4	2	2	187	fc
7	6	5	5	5	4	4	3	1	192	fc
7	6	5	5	5	4	4	3	3	1121	fc
7	6	5	5	5	4	4	4	2	482	fc
7	6	5	5	5	4	4	4	4	507	fc
7	6	5	5	5	5	1	1	1	1	fc
7	6	5	5	5	5	2	2	1	12	fc
7	6	5	5	5	5	3	1	1	6	fc
7	6	5	5	5	5	3	2	2	74	fc
7	6	5	5	5	5	3	3	1	43	fc
7	6	5	5	5	5	3	3	3	144	fc
7	6	5	5	5	5	4	2	1	48	fc
7	6	5	5	5	5	4	3	2	467	fc
7	6	5	5	5	5	4	4	1	92	fc
7	6	5	5	5	5	4	4	3	936	fc
7	6	5	5	5	5	5	1	1	3	fc
7	6	5	5	5	5	5	2	2	31	fc
7	6	5	5	5	5	5	3	1	31	fc
7	6	5	5	5	5	5	3	3	148	fc
7	6	5	5	5	5	5	4	2	178	fc
7	6	5	5	5	5	5	4	4	352	fc
7	6	5	5	5	5	5	5	1	14	fc
7	6	5	5	5	5	5	5	3	94	fc
7	6	5	5	5	5	5	5	5	29	fc
7	6	6	3	2	2	2	2	2	1	fc
7	6	6	3	3	2	2	2	1	2	fc
7	6	6	3	3	3	2	1	1	2	fc
7	6	6	3	3	3	2	2	2	11	fc
7	6	6	3	3	3	3	2	1	12	fc
7	6	6	3	3	3	3	3	2	24	fc
7	6	6	4	3	2	2	2	2	4	fc
7	6	6	4	3	3	2	2	1	8	fc
7	6	6	4	3	3	3	1	1	3	fc
7	6	6	4	3	3	3	2	2	51	fc
7	6	6	4	3	3	3	3	1	19	fc
7	6	6	4	3	3	3	3	3	44	fc
7	6	6	4	4	2	2	2	1	2	fc
7	6	6	4	4	3	2	1	1	2	fc
7	6	6	4	4	3	2	2	2	25	fc
7	6	6	4	4	3	3	2	1	35	fc
7	6	6	4	4	3	3	3	2	159	fc
7	6	6	4	4	4	2	2	1	8	fc
7	6	6	4	4	4	3	1	1	5	fc
7	6	6	4	4	4	3	2	2	90	fc
7	6	6	4	4	4	3	3	1	53	fc
7	6	6	4	4	4	3	3	3	200	fc
7	6	6	4	4	4	4	2	1	21	fc
7	6	6	4	4	4	4	3	2	183	fc
7	6	6	4	4	4	4	4	1	19	fc
7	6	6	4	4	4	4	4	3	152	fc
7	6	6	5	3	3	2	2	2	9	fc
7	6	6	5	3	3	3	2	1	9	fc
7	6	6	5	3	3	3	3	2	45	fc
7	6	6	5	4	2	2	2	2	2	fc
7	6	6	5	4	3	2	2	1	8	fc
7	6	6	5	4	3	3	1	1	3	fc
7	6	6	5	4	3	3	2	2	98	fc
7	6	6	5	4	3	3	3	1	40	fc
7	6	6	5	4	3	3	3	3	153	fc
7	6	6	5	4	4	2	1	1	2	fc
7	6	6	5	4	4	2	2	2	25	fc
7	6	6	5	4	4	3	2	1	61	fc
7	6	6	5	4	4	3	3	2	455	fc
7	6	6	5	4	4	4	1	1	6	fc
7	6	6	5	4	4	4	2	2	108	fc
7	6	6	5	4	4	4	3	1	113	fc
7	6	6	5	4	4	4	3	3	684	fc
7	6	6	5	4	4	4	4	2	236	fc
7	6	6	5	4	4	4	4	4	208	fc
7	6	6	5	5	3	2	2	2	9	fc
7	6	6	5	5	3	3	2	1	13	fc
7	6	6	5	5	3	3	3	2	89	fc
7	6	6	5	5	4	2	2	1	8	fc
7	6	6	5	5	4	3	1	1	5	fc
7	6	6	5	5	4	3	2	2	138	fc
7	6	6	5	5	4	3	3	1	81	fc
7	6	6	5	5	4	3	3	3	391	fc
7	6	6	5	5	4	4	2	1	53	fc
7	6	6	5	5	4	4	3	2	679	fc
7	6	6	5	5	4	4	4	1	94	fc
7	6	6	5	5	4	4	4	3	1063	fc
7	6	6	5	5	5	2	1	1	2	fc
7	6	6	5	5	5	2	2	2	11	fc
7	6	6	5	5	5	3	2	1	27	fc
7	6	6	5	5	5	3	3	2	162	fc
7	6	6	5	5	5	4	1	1	6	fc
7	6	6	5	5	5	4	2	2	103	fc
7	6	6	5	5	5	4	3	1	111	fc
7	6	6	5	5	5	4	3	3	676	fc
7	6	6	5	5	5	4	4	2	439	fc
7	6	6	5	5	5	4	4	4	662	fc
7	6	6	5	5	5	5	2	1	19	fc
7	6	6	5	5	5	5	3	2	166	fc
7	6	6	5	5	5	5	4	1	63	fc
7	6	6	5	5	5	5	4	3	657	fc
7	6	6	5	5	5	5	5	2	76	fc
7	6	6	5	5	5	5	5	4	276	fc
7	6	6	6	3	3	3	2	2	4	fc
7	6	6	6	3	3	3	3	1	2	fc
7	6	6	6	3	3	3	3	3	6	fc
7	6	6	6	4	3	2	2	2	3	fc
7	6	6	6	4	3	3	2	1	4	fc
7	6	6	6	4	3	3	3	2	33	fc
7	6	6	6	4	4	2	2	1	2	fc
7	6	6	6	4	4	3	1	1	2	fc
7	6	6	6	4	4	3	2	2	31	fc
7	6	6	6	4	4	3	3	1	19	fc
7	6	6	6	4	4	3	3	3	88	fc
7	6	6	6	4	4	4	2	1	12	fc
7	6	6	6	4	4	4	3	2	108	fc
7	6	6	6	4	4	4	4	1	16	fc
7	6	6	6	4	4	4	4	3	136	fc
7	6	6	6	5	3	3	2	2	10	fc
7	6	6	6	5	3	3	3	1	5	fc
7	6	6	6	5	3	3	3	3	24	fc
7	6	6	6	5	4	2	2	2	5	fc
7	6	6	6	5	4	3	2	1	13	fc
7	6	6	6	5	4	3	3	2	134	fc
7	6	6	6	5	4	4	1	1	3	fc
7	6	6	6	5	4	4	2	2	51	fc
7	6	6	6	5	4	4	3	1	54	fc
7	6	6	6	5	4	4	3	3	376	fc
7	6	6	6	5	4	4	4	2	172	fc
7	6	6	6	5	4	4	4	4	216	fc
7	6	6	6	5	5	2	2	1	2	fc
7	6	6	6	5	5	3	1	1	2	fc
7	6	6	6	5	5	3	2	2	31	fc
7	6	6	6	5	5	3	3	1	20	fc
7	6	6	6	5	5	3	3	3	89	fc
7	6	6	6	5	5	4	2	1	27	fc
7	6	6	6	5	5	4	3	2	299	fc
7	6	6	6	5	5	4	4	1	66	fc
7	6	6	6	5	5	4	4	3	739	fc
7	6	6	6	5	5	5	1	1	3	fc
7	6	6	6	5	5	5	2	2	32	fc
7	6	6	6	5	5	5	3	1	35	fc
7	6	6	6	5	5	5	3	3	184	fc
7	6	6	6	5	5	5	4	2	231	fc
7	6	6	6	5	5	5	4	4	526	fc
7	6	6	6	5	5	5	5	1	23	fc
7	6	6	6	5	5	5	5	3	198	fc
7	6	6	6	5	5	5	5	5	90	fc
7	6	6	6	6	3	3	3	2	4	fc
7	6	6	6	6	4	3	2	2	6	fc
7	6	6	6	6	4	3	3	1	4	fc
7	6	6	6	6	4	3	3	3	26	fc
7	6	6	6	6	4	4	2	1	4	fc
7	6	6	6	6	4	4	3	2	47	fc
7	6	6	6	6	4	4	4	1	9	fc
7	6	6	6	6	4	4	4	3	89	fc
7	6	6	6	6	5	2	2	2	1	fc
7	6	6	6	6	5	3	2	1	3	fc
7	6	6	6	6	5	3	3	2	28	fc
7	6	6	6	6	5	4	1	1	2	fc
7	6	6	6	6	5	4	2	2	23	fc
7	6	6	6	6	5	4	3	1	24	fc
7	6	6	6	6	5	4	3	3	153	fc
7	6	6	6	6	5	4	4	2	106	fc
7	6	6	6	6	5	4	4	4	176	fc
7	6	6	6	6	5	5	2	1	12	fc
7	6	6	6	6	5	5	3	2	83	fc
7	6	6	6	6	5	5	4	1	34	fc
7	6	6	6	6	5	5	4	3	342	fc
7	6	6	6	6	5	5	5	2	65	fc
7	6	6	6	6	5	5	5	4	258	fc
7	6	6	6	6	6	3	2	2	2	fc
7	6	6	6	6	6	3	3	1	2	fc
7	6	6	6	6	6	3	3	3	7	fc
7	6	6	6	6	6	4	2	1	3	fc
7	6	6	6	6	6	4	3	2	24	fc
7	6	6	6	6	6	4	4	1	7	fc
7	6	6	6	6	6	4	4	3	57	fc
7	6	6	6	6	6	5	1	1	2	fc
7	6	6	6	6	6	5	2	2	11	fc
7	6	6	6	6	6	5	3	1	11	fc
7	6	6	6	6	6	5	3	3	43	fc
7	6	6	6	6	6	5	4	2	54	fc
7	6	6	6	6	6	5	4	4	115	fc
7	6	6	6	6	6	5	5	1	11	fc
7	6	6	6	6	6	5	5	3	85	fc
7	6	6	6	6	6	5	5	5	64	fc
7	6	6	6	6	6	6	2	1	4	fc
7	6	6	6	6	6	6	3	2	11	fc
7	6	6	6	6	6	6	4	1	5	fc
7	6	6	6	6	6	6	4	3	28	fc
7	6	6	6	6	6	6	5	2	15	fc
7	6	6	6	6	6	6	5	4	49	fc
7	6	6	6	6	6	6	6	1	2	fc
7	6	6	6	6	6	6	6	3	7	fc
7	6	6	6	6	6	6	6	5	12	fc
7	7	2	2	2	2	2	1	1	1	fc
7	7	2	2	2	2	2	2	2	2	fc
7	7	3	2	2	2	2	2	1	2	fc
7	7	3	3	2	2	2	1	1	1	fc
7	7	3	3	2	2	2	2	2	5	fc
7	7	3	3	3	2	2	2	1	3	fc
7	7	3	3	3	3	2	1	1	1	fc
7	7	3	3	3	3	2	2	2	8	fc
7	7	3	3	3	3	3	2	1	3	fc
7	7	3	3	3	3	3	3	2	7	fc
7	7	4	2	2	2	2	2	2	1	fc
7	7	4	3	2	2	2	2	1	2	fc
7	7	4	3	3	2	2	1	1	1	fc
7	7	4	3	3	2	2	2	2	9	fc
7	7	4	3	3	3	2	2	1	6	fc
7	7	4	3	3	3	3	1	1	1	fc
7	7	4	3	3	3	3	2	2	20	fc
7	7	4	3	3	3	3	3	1	5	fc
7	7	4	3	3	3	3	3	3	11	fc
7	7	4	4	2	2	2	2	2	2	fc
7	7	4	4	3	2	2	2	1	3	fc
7	7	4	4	3	3	2	1	1	1	fc
7	7	4	4	3	3	2	2	2	19	fc
7	7	4	4	3	3	3	2	1	10	fc
7	7	4	4	3	3	3	3	2	40	fc
7	7	4	4	4	2	2	1	1	1	fc
7	7	4	4	4	2	2	2	2	5	fc
7	7	4	4	4	3	2	2	1	6	fc
7	7	4	4	4	3	3	1	1	2	fc
7	7	4	4	4	3	3	2	2	38	fc
7	7	4	4	4	3	3	3	1	13	fc
7	7	4	4	4	3	3	3	3	44	fc
7	7	4	4	4	4	2	1	1	1	fc
7	7	4	4	4	4	2	2	2	8	fc
7	7	4	4	4	4	3	2	1	9	fc
7	7	4	4	4	4	3	3	2	58	fc
7	7	4	4	4	4	4	1	1	1	fc
7	7	4	4	4	4	4	2	2	13	fc
7	7	4	4	4	4	4	3	1	9	fc
7	7	4	4	4	4	4	3	3	49	fc
7	7	4	4	4	4	4	4	2	15	fc
7	7	4	4	4	4	4	4	4	11	fc
7	7	5	3	2	2	2	2	2	1	fc
7	7	5	3	3	2	2	2	1	2	fc
7	7	5	3	3	3	2	1	1	1	fc
7	7	5	3	3	3	2	2	2	9	fc
7	7	5	3	3	3	3	2	1	6	fc
7	7	5	3	3	3	3	3	2	16	fc
7	7	5	4	3	2	2	2	2	4	fc
7	7	5	4	3	3	2	2	1	5	fc
7	7	5	4	3	3	3	1	1	1	fc
7	7	5	4	3	3	3	2	2	33	fc
7	7	5	4	3	3	3	3	1	11	fc
7	7	5	4	3	3	3	3	3	31	fc
7	7	5	4	4	2	2	2	1	2	fc
7	7	5	4	4	3	2	1	1	1	fc
7	7	5	4	4	3	2	2	2	20	fc
7	7	5	4	4	3	3	2	1	18	fc
7	7	5	4	4	3	3	3	2	101	fc
7	7	5	4	4	4	2	2	1	5	fc
7	7	5	4	4	4	3	1	1	2	fc
7	7	5	4	4	4	3	2	2	56	fc
7	7	5	4	4	4	3	3	1	30	fc
7	7	5	4	4	4	3	3	3	133	fc
7	7	5	4	4	4	4	2	1	9	fc
7	7	5	4	4	4	4	3	2	107	fc
7	7	5	4	4	4	4	4	1	10	fc
7	7	5	4	4	4	4	4	3	97	fc
7	7	5	5	3	3	2	2	2	5	fc
7	7	5	5	3	3	3	2	1	3	fc
7	7	5	5	3	3	3	3	2	19	fc
7	7	5	5	4	2	2	2	2	2	fc
7	7	5	5	4	3	2	2	1	3	fc
7	7	5	5	4	3	3	1	1	1	fc
7	7	5	5	4	3	3	2	2	37	fc
7	7	5	5	4	3	3	3	1	14	fc
7	7	5	5	4	3	3	3	3	60	fc
7	7	5	5	4	4	2	1	1	1	fc
7	7	5	5	4	4	2	2	2	13	fc
7	7	5	5	4	4	3	2	1	18	fc
7	7	5	5	4	4	3	3	2	157	fc
7	7	5	5	4	4	4	1	1	2	fc
7	7	5	5	4	4	4	2	2	40	fc
7	7	5	5	4	4	4	3	1	36	fc
7	7	5	5	4	4	4	3	3	241	fc
7	7	5	5	4	4	4	4	2	85	fc
7	7	5	5	4	4	4	4	4	84	fc
7	7	5	5	5	3	2	2	2	4	fc
7	7	5	5	5	3	3	2	1	3	fc
7	7	5	5	5	3	3	3	2	24	fc
7	7	5	5	5	4	2	2	1	3	fc
7	7	5	5	5	4	3	1	1	1	fc
7	7	5	5	5	4	3	2	2	35	fc
7	7	5	5	5	4	3	3	1	19	fc
7	7	5	5	5	4	3	3	3	97	fc
7	7	5	5	5	4	4	2	1	11	fc
7	7	5	5	5	4	4	3	2	151	fc
7	7	5	5	5	4	4	4	1	22	fc
7	7	5	5	5	4	4	4	3	246	fc
7	7	5	5	5	5	2	1	1	1	fc
7	7	5	5	5	5	2	2	2	5	fc
7	7	5	5	5	5	3	2	1	6	fc
7	7	5	5	5	5	3	3	2	37	fc
7	7	5	5	5	5	4	1	1	1	fc
7	7	5	5	5	5	4	2	2	22	fc
7	7	5	5	5	5	4	3	1	20	fc
7	7	5	5	5	5	4	3	3	129	fc
7	7	5	5	5	5	4	4	2	85	fc
7	7	5	5	5	5	4	4	4	133	fc
7	7	5	5	5	5	5	2	1	3	fc
7	7	5	5	5	5	5	3	2	27	fc
7	7	5	5	5	5	5	4	1	10	fc
7	7	5	5	5	5	5	4	3	98	fc
7	7	5	5	5	5	5	5	2	15	fc
7	7	5	5	5	5	5	5	4	42	fc
7	7	6	3	3	2	2	2	2	1	fc
7	7	6	3	3	3	2	2	1	2	fc
7	7	6	3	3	3	3	1	1	1	fc
7	7	6	3	3	3	3	2	2	9	fc
7	7	6	3	3	3	3	3	1	4	fc
7	7	6	3	3	3	3	3	3	7	fc
7	7	6	4	3	3	2	2	2	4	fc
7	7	6	4	3	3	3	2	1	5	fc
7	7	6	4	3	3	3	3	2	25	fc
7	7	6	4	4	2	2	2	2	1	fc
7	7	6	4	4	3	2	2	1	2	fc
7	7	6	4	4	3	3	1	1	1	fc
7	7	6	4	4	3	3	2	2	26	fc
7	7	6	4	4	3	3	3	1	12	fc
7	7	6	4	4	3	3	3	3	45	fc
7	7	6	4	4	4	2	2	2	4	fc
7	7	6	4	4	4	3	2	1	8	fc
7	7	6	4	4	4	3	3	2	70	fc
7	7	6	4	4	4	4	1	1	1	fc
7	7	6	4	4	4	4	2	2	16	fc
7	7	6	4	4	4	4	3	1	15	fc
7	7	6	4	4	4	4	3	3	90	fc
7	7	6	4	4	4	4	4	2	26	fc
7	7	6	4	4	4	4	4	4	23	fc
7	7	6	5	3	3	3	2	2	7	fc
7	7	6	5	3	3	3	3	1	3	fc
7	7	6	5	3	3	3	3	3	11	fc
7	7	6	5	4	3	2	2	2	4	fc
7	7	6	5	4	3	3	2	1	5	fc
7	7	6	5	4	3	3	3	2	55	fc
7	7	6	5	4	4	2	2	1	2	fc
7	7	6	5	4	4	3	1	1	1	fc
7	7	6	5	4	4	3	2	2	44	fc
7	7	6	5	4	4	3	3	1	27	fc
7	7	6	5	4	4	3	3	3	149	fc
7	7	6	5	4	4	4	2	1	10	fc
7	7	6	5	4	4	4	3	2	164	fc
7	7	6	5	4	4	4	4	1	20	fc
7	7	6	5	4	4	4	4	3	223	fc
7	7	6	5	5	3	3	2	2	10	fc
7	7	6	5	5	3	3	3	1	4	fc
7	7	6	5	5	3	3	3	3	25	fc
7	7	6	5	5	4	2	2	2	4	fc
7	7	6	5	5	4	3	2	1	8	fc
7	7	6	5	5	4	3	3	2	113	fc
7	7	6	5	5	4	4	1	1	1	fc
7	7	6	5	5	4	4	2	2	40	fc
7	7	6	5	5	4	4	3	1	42	fc
7	7	6	5	5	4	4	3	3	337	fc
7	7	6	5	5	4	4	4	2	146	fc
7	7	6	5	5	4	4	4	4	203	fc
7	7	6	5	5	5	2	2	1	2	fc
7	7	6	5	5	5	3	1	1	1	fc
7	7	6	5	5	5	3	2	2	20	fc
7	7	6	5	5	5	3	3	1	12	fc
7	7	6	5	5	5	3	3	3	58	fc
7	7	6	5	5	5	4	2	1	10	fc
7	7	6	5	5	5	4	3	2	166	fc
7	7	6	5	5	5	4	4	1	36	fc
7	7	6	5	5	5	4	4	3	444	fc
7	7	6	5	5	5	5	1	1	1	fc
7	7	6	5	5	5	5	2	2	15	fc
7	7	6	5	5	5	5	3	1	15	fc
7	7	6	5	5	5	5	3	3	92	fc
7	7	6	5	5	5	5	4	2	103	fc
7	7	6	5	5	5	5	4	4	258	fc
7	7	6	5	5	5	5	5	1	9	fc
7	7	6	5	5	5	5	5	3	79	fc
7	7	6	5	5	5	5	5	5	36	fc
7	7	6	6	3	3	3	3	2	3	fc
7	7	6	6	4	3	3	2	2	5	fc
7	7	6	6	4	3	3	3	1	2	fc
7	7	6	6	4	3	3	3	3	14	fc
7	7	6	6	4	4	2	2	2	2	fc
7	7	6	6	4	4	3	2	1	3	fc
7	7	6	6	4	4	3	3	2	37	fc
7	7	6	6	4	4	4	1	1	1	fc
7	7	6	6	4	4	4	2	2	13	fc
7	7	6	6	4	4	4	3	1	12	fc
7	7	6	6	4	4	4	3	3	82	fc
7	7	6	6	4	4	4	4	2	34	fc
7	7	6	6	4	4	4	4	4	38	fc
7	7	6	6	5	3	3	3	2	9	fc
7	7	6	6	5	4	3	2	2	13	fc
7	7	6	6	5	4	3	3	1	8	fc
7	7	6	6	5	4	3	3	3	66	fc
7	7	6	6	5	4	4	2	1	5	fc
7	7	6	6	5	4	4	3	2	112	fc
7	7	6	6	5	4	4	4	1	19	fc
7	7	6	6	5	4	4	4	3	247	fc
7	7	6	6	5	5	2	2	2	2	fc
7	7	6	6	5	5	3	2	1	3	fc
7	7	6	6	5	5	3	3	2	39	fc
7	7	6	6	5	5	4	1	1	1	fc
7	7	6	6	5	5	4	2	2	26	fc
7	7	6	6	5	5	4	3	1	27	fc
7	7	6	6	5	5	4	3	3	225	fc
7	7	6	6	5	5	4	4	2	152	fc
7	7	6	6	5	5	4	4	4	288	fc
7	7	6	6	5	5	5	2	1	5	fc
7	7	6	6	5	5	5	3	2	71	fc
7	7	6	6	5	5	5	4	1	30	fc
7	7	6	6	5	5	5	4	3	356	fc
7	7	6	6	5	5	5	5	2	55	fc
7	7	6	6	5	5	5	5	4	229	fc
7	7	6	6	6	3	3	3	3	3	fc
7	7	6	6	6	4	3	3	2	9	fc
7	7	6	6	6	4	4	2	2	5	fc
7	7	6	6	6	4	4	3	1	4	fc
7	7	6	6	6	4	4	3	3	46	fc
7	7	6	6	6	4	4	4	2	22	fc
7	7	6	6	6	4	4	4	4	38	fc
7	7	6	6	6	5	3	2	2	4	fc
7	7	6	6	6	5	3	3	1	2	fc
7	7	6	6	6	5	3	3	3	19	fc
7	7	6	6	6	5	4	2	1	3	fc
7	7	6	6	6	5	4	3	2	58	fc
7	7	6	6	6	5	4	4	1	14	fc
7	7	6	6	6	5	4	4	3	198	fc
7	7	6	6	6	5	5	1	1	1	fc
7	7	6	6	6	5	5	2	2	13	fc
7	7	6	6	6	5	5	3	1	12	fc
7	7	6	6	6	5	5	3	3	82	fc
7	7	6	6	6	5	5	4	2	96	fc
7	7	6	6	6	5	5	4	4	268	fc
7	7	6	6	6	5	5	5	1	13	fc
7	7	6	6	6	5	5	5	3	130	fc
7	7	6	6	6	5	5	5	5	91	fc
7	7	6	6	6	6	3	3	2	4	fc
7	7	6	6	6	6	4	2	2	4	fc
7	7	6	6	6	6	4	3	1	3	fc
7	7	6	6	6	6	4	3	3	27	fc
7	7	6	6	6	6	4	4	2	20	fc
7	7	6	6	6	6	4	4	4	39	fc
7	7	6	6	6	6	5	2	1	3	fc
7	7	6	6	6	6	5	3	2	27	fc
7	7	6	6	6	6	5	4	1	11	fc
7	7	6	6	6	6	5	4	3	123	fc
7	7	6	6	6	6	5	5	2	37	fc
7	7	6	6	6	6	5	5	4	158	fc
7	7	6	6	6	6	6	1	1	1	fc
7	7	6	6	6	6	6	2	2	5	fc
7	7	6	6	6	6	6	3	1	4	fc
7	7	6	6	6	6	6	3	3	15	fc
7	7	6	6	6	6	6	4	2	15	fc
7	7	6	6	6	6	6	4	4	34	fc
7	7	6	6	6	6	6	5	1	5	fc
7	7	6	6	6	6	6	5	3	39	fc
7	7	6	6	6	6	6	5	5	51	fc
7	7	6	6	6	6	6	6	2	6	fc
7	7	6	6	6	6	6	6	4	16	fc
7	7	6	6	6	6	6	6	6	8	fc
7	7	7	3	3	3	2	2	2	1	fc
7	7	7	3	3	3	3	2	1	1	fc
7	7	7	3	3	3	3	3	2	3	fc
7	7	7	4	3	3	3	2	2	2	fc
7	7	7	4	3	3	3	3	1	2	fc
7	7	7	4	3	3	3	3	3	4	fc
7	7	7	4	4	3	2	2	2	1	fc
7	7	7	4	4	3	3	2	1	1	fc
7	7	7	4	4	3	3	3	2	9	fc
7	7	7	4	4	4	3	2	2	3	fc
7	7	7	4	4	4	3	3	1	3	fc
7	7	7	4	4	4	3	3	3	14	fc
7	7	7	4	4	4	4	2	1	1	fc
7	7	7	4	4	4	4	3	2	11	fc
7	7	7	4	4	4	4	4	1	2	fc
7	7	7	4	4	4	4	4	3	14	fc
7	7	7	5	3	3	3	3	2	2	fc
7	7	7	5	4	3	3	2	2	2	fc
7	7	7	5	4	3	3	3	1	2	fc
7	7	7	5	4	3	3	3	3	8	fc
7	7	7	5	4	4	2	2	2	1	fc
7	7	7	5	4	4	3	2	1	1	fc
7	7	7	5	4	4	3	3	2	17	fc
7	7	7	5	4	4	4	2	2	4	fc
7	7	7	5	4	4	4	3	1	6	fc
7	7	7	5	4	4	4	3	3	37	fc
7	7	7	5	4	4	4	4	2	16	fc
7	7	7	5	4	4	4	4	4	19	fc
7	7	7	5	5	3	3	3	2	4	fc
7	7	7	5	5	4	3	2	2	3	fc
7	7	7	5	5	4	3	3	1	3	fc
7	7	7	5	5	4	3	3	3	20	fc
7	7	7	5	5	4	4	2	1	1	fc
7	7	7	5	5	4	4	3	2	29	fc
7	7	7	5	5	4	4	4	1	7	fc
7	7	7	5	5	4	4	4	3	67	fc
7	7	7	5	5	5	2	2	2	1	fc
7	7	7	5	5	5	3	2	1	1	fc
7	7	7	5	5	5	3	3	2	9	fc
7	7	7	5	5	5	4	2	2	4	fc
7	7	7	5	5	5	4	3	1	6	fc
7	7	7	5	5	5	4	3	3	40	fc
7	7	7	5	5	5	4	4	2	30	fc
7	7	7	5	5	5	4	4	4	55	fc
7	7	7	5	5	5	5	2	1	1	fc
7	7	7	5	5	5	5	3	2	11	fc
7	7	7	5	5	5	5	4	1	6	fc
7	7	7	5	5	5	5	4	3	51	fc
7	7	7	5	5	5	5	5	2	9	fc
7	7	7	5	5	5	5	5	4	29	fc
7	7	7	6	3	3	3	3	3	1	fc
7	7	7	6	4	3	3	3	2	2	fc
7	7	7	6	4	4	3	2	2	2	fc
7	7	7	6	4	4	3	3	1	2	fc
7	7	7	6	4	4	3	3	3	11	fc
7	7	7	6	4	4	4	2	1	1	fc
7	7	7	6	4	4	4	3	2	14	fc
7	7	7	6	4	4	4	4	1	4	fc
7	7	7	6	4	4	4	4	3	25	fc
7	7	7	6	5	3	3	3	3	2	fc
7	7	7	6	5	4	3	3	2	9	fc
7	7	7	6	5	4	4	2	2	3	fc
7	7	7	6	5	4	4	3	1	5	fc
7	7	7	6	5	4	4	3	3	46	fc
7	7	7	6	5	4	4	4	2	25	fc
7	7	7	6	5	4	4	4	4	41	fc
7	7	7	6	5	5	3	2	2	2	fc
7	7	7	6	5	5	3	3	1	2	fc
7	7	7	6	5	5	3	3	3	12	fc
7	7	7	6	5	5	4	2	1	1	fc
7	7	7	6	5	5	4	3	2	34	fc
7	7	7	6	5	5	4	4	1	12	fc
7	7	7	6	5	5	4	4	3	125	fc
7	7	7	6	5	5	5	2	2	3	fc
7	7	7	6	5	5	5	3	1	5	fc
7	7	7	6	5	5	5	3	3	32	fc
7	7	7	6	5	5	5	4	2	43	fc
7	7	7	6	5	5	5	4	4	116	fc
7	7	7	6	5	5	5	5	1	6	fc
7	7	7	6	5	5	5	5	3	47	fc
7	7	7	6	5	5	5	5	5	26	fc
7	7	7	6	6	4	3	3	3	4	fc
7	7	7	6	6	4	4	3	2	7	fc
7	7	7	6	6	4	4	4	1	2	fc
7	7	7	6	6	4	4	4	3	25	fc
7	7	7	6	6	5	3	3	2	4	fc
7	7	7	6	6	5	4	2	2	2	fc
7	7	7	6	6	5	4	3	1	3	fc
7	7	7	6	6	5	4	3	3	36	fc
7	7	7	6	6	5	4	4	2	28	fc
7	7	7	6	6	5	4	4	4	64	fc
7	7	7	6	6	5	5	2	1	1	fc
7	7	7	6	6	5	5	3	2	20	fc
7	7	7	6	6	5	5	4	1	12	fc
7	7	7	6	6	5	5	4	3	122	fc
7	7	7	6	6	5	5	5	2	28	fc
7	7	7	6	6	5	5	5	4	121	fc
7	7	7	6	6	6	3	3	3	3	fc
7	7	7	6	6	6	4	3	2	6	fc
7	7	7	6	6	6	4	4	1	2	fc
7	7	7	6	6	6	4	4	3	29	fc
7	7	7	6	6	6	5	2	2	2	fc
7	7	7	6	6	6	5	3	1	3	fc
7	7	7	6	6	6	5	3	3	20	fc
7	7	7	6	6	6	5	4	2	27	fc
7	7	7	6	6	6	5	4	4	78	fc
7	7	7	6	6	6	5	5	1	7	fc
7	7	7	6	6	6	5	5	3	59	fc
7	7	7	6	6	6	5	5	5	55	fc
7	7	7	6	6	6	6	2	1	1	fc
7	7	7	6	6	6	6	3	2	7	fc
7	7	7	6	6	6	6	4	1	4	fc
7	7	7	6	6	6	6	4	3	27	fc
7	7	7	6	6	6	6	5	2	15	fc
7	7	7	6	6	6	6	5	4	58	fc
7	7	7	6	6	6	6	6	1	2	fc
7	7	7	6	6	6	6	6	3	11	fc
7	7	7	6	6	6	6	6	5	20	fc
7	7	7	7	4	3	3	3	3	1	fc
7	7	7	7	4	4	3	3	2	1	fc
7	7	7	7	4	4	4	2	2	1	fc
7	7	7	7	4	4	4	3	1	1	fc
7	7	7	7	4	4	4	3	3	4	fc
7	7	7	7	4	4	4	4	2	3	fc
7	7	7	7	4	4	4	4	4	4	fc
7	7	7	7	5	4	3	3	3	2	fc
7	7	7	7	5	4	4	3	2	3	fc
7	7	7	7	5	4	4	4	1	2	fc
7	7	7	7	5	4	4	4	3	10	fc
7	7	7	7	5	5	3	3	2	1	fc
7	7	7	7	5	5	4	2	2	1	fc
7	7	7	7	5	5	4	3	1	1	fc
7	7	7	7	5	5	4	3	3	9	fc
7	7	7	7	5	5	4	4	2	9	fc
7	7	7	7	5	5	4	4	4	17	fc
7	7	7	7	5	5	5	3	2	3	fc
7	7	7	7	5	5	5	4	1	3	fc
7	7	7	7	5	5	5	4	3	20	fc
7	7	7	7	5	5	5	5	2	6	fc
7	7	7	7	5	5	5	5	4	19	fc
7	7	7	7	6	4	4	3	3	3	fc
7	7	7	7	6	4	4	4	2	2	fc
7	7	7	7	6	4	4	4	4	5	fc
7	7	7	7	6	5	3	3	3	1	fc
7	7	7	7	6	5	4	3	2	3	fc
7	7	7	7	6	5	4	4	1	2	fc
7	7	7	7	6	5	4	4	3	19	fc
7	7	7	7	6	5	5	2	2	1	fc
7	7	7	7	6	5	5	3	1	1	fc
7	7	7	7	6	5	5	3	3	9	fc
7	7	7	7	6	5	5	4	2	14	fc
7	7	7	7	6	5	5	4	4	38	fc
7	7	7	7	6	5	5	5	1	4	fc
7	7	7	7	6	5	5	5	3	22	fc
7	7	7	7	6	5	5	5	5	18	fc
7	7	7	7	6	6	4	3	3	4	fc
7	7	7	7	6	6	4	4	2	4	fc
7	7	7	7	6	6	4	4	4	10	fc
7	7	7	7	6	6	5	3	2	3	fc
7	7	7	7	6	6	5	4	1	3	fc
7	7	7	7	6	6	5	4	3	30	fc
7	7	7	7	6	6	5	5	2	14	fc
7	7	7	7	6	6	5	5	4	52	fc
7	7	7	7	6	6	6	2	2	1	fc
7	7	7	7	6	6	6	3	1	1	fc
7	7	7	7	6	6	6	3	3	5	fc
7	7	7	7	6	6	6	4	2	7	fc
7	7	7	7	6	6	6	4	4	17	fc
7	7	7	7	6	6	6	5	1	4	fc
7	7	7	7	6	6	6	5	3	22	fc
7	7	7	7	6	6	6	5	5	30	fc
7	7	7	7	6	6	6	6	2	5	fc
7	7	7	7	6	6	6	6	4	15	fc
7	7	7	7	6	6	6	6	6	7	fc
7	7	7	7	7	4	4	4	3	1	fc
7	7	7	7	7	5	4	3	3	1	fc
7	7	7	7	7	5	4	4	2	1	fc
7	7	7	7	7	5	4	4	4	3	fc
7	7	7	7	7	5	5	3	2	1	fc
7	7	7	7	7	5	5	4	1	1	fc
7	7	7	7	7	5	5	4	3	5	fc
7	7	7	7	7	5	5	5	2	3	fc
7	7	7	7	7	5	5	5	4	7	fc
7	7	7	7	7	6	4	4	3	2	fc
7	7	7	7	7	6	5	3	3	2	fc
7	7	7	7	7	6	5	4	2	3	fc
7	7	7	7	7	6	5	4	4	9	fc
7	7	7	7	7	6	5	5	1	2	fc
7	7	7	7	7	6	5	5	3	9	fc
7	7	7	7	7	6	5	5	5	9	fc
7	7	7	7	7	6	6	3	2	1	fc
7	7	7	7	7	6	6	4	1	1	fc
7	7	7	7	7	6	6	4	3	7	fc
7	7	7	7	7	6	6	5	2	7	fc
7	7	7	7	7	6	6	5	4	18	fc
7	7	7	7	7	6	6	6	1	2	fc
7	7	7	7	7	6	6	6	3	7	fc
7	7	7	7	7	6	6	6	5	11	fc
7	7	7	7	7	7	4	4	4	1	fc
7	7	7	7	7	7	5	4	3	1	fc
7	7	7	7	7	7	5	5	2	1	fc
7	7	7	7	7	7	5	5	4	3	fc
7	7	7	7	7	7	6	3	3	1	fc
7	7	7	7	7	7	6	4	2	1	fc
7	7	7	7	7	7	6	4	4	3	fc
7	7	7	7	7	7	6	5	1	1	fc
7	7	7	7	7	7	6	5	3	4	fc
7	7	7	7	7	7	6	5	5	5	fc
7	7	7	7	7	7	6	6	2	3	fc
7	7	7	7	7	7	6	6	4	5	fc
7	7	7	7	7	7	6	6	6	4	fc
7	7	7	7	7	7	7	4	3	1	fc
7	7	7	7	7	7	7	5	2	1	fc
7	7	7	7	7	7	7	5	4	2	fc
7	7	7	7	7	7	7	6	1	1	fc
7	7	7	7	7	7	7	6	3	2	fc
7	7	7	7	7	7	7	6	5	2	fc
7	7	7	7	7	7	7	7	2	1	fc
7	7	7	7	7	7	7	7	4	1	fc
7	7	7	7	7	7	7	7	6	1	fc
8	1	1	1	1	1	1	1	1	1	fc
8	2	2	1	1	1	1	1	1	1	fc
8	2	2	2	2	1	1	1	1	1	fc
8	2	2	2	2	2	2	1	1	1	fc
8	2	2	2	2	2	2	2	2	1	fc
8	3	2	2	1	1	1	1	1	1	fc
8	3	2	2	2	2	1	1	1	1	fc
8	3	2	2	2	2	2	2	1	1	fc
8	3	3	2	2	1	1	1	1	1	fc
8	3	3	2	2	2	2	1	1	2	fc
8	3	3	2	2	2	2	2	2	2	fc
8	3	3	3	1	1	1	1	1	1	fc
8	3	3	3	2	2	1	1	1	2	fc
8	3	3	3	2	2	2	2	1	3	fc
8	3	3	3	3	1	1	1	1	1	fc
8	3	3	3	3	2	2	1	1	3	fc
8	3	3	3	3	2	2	2	2	5	fc
8	3	3	3	3	3	1	1	1	1	fc
8	3	3	3	3	3	2	2	1	4	fc
8	3	3	3	3	3	3	1	1	2	fc
8	3	3	3	3	3	3	2	2	6	fc
8	3	3	3	3	3	3	3	1	2	fc
8	3	3	3	3	3	3	3	3	3	fc
8	4	2	2	2	1	1	1	1	1	fc
8	4	2	2	2	2	2	1	1	1	fc
8	4	2	2	2	2	2	2	2	1	fc
8	4	3	2	2	2	1	1	1	1	fc
8	4	3	2	2	2	2	2	1	2	fc
8	4	3	3	2	1	1	1	1	1	fc
8	4	3	3	2	2	2	1	1	3	fc
8	4	3	3	2	2	2	2	2	5	fc
8	4	3	3	3	2	1	1	1	2	fc
8	4	3	3	3	2	2	2	1	7	fc
8	4	3	3	3	3	2	1	1	3	fc
8	4	3	3	3	3	2	2	2	12	fc
8	4	3	3	3	3	3	2	1	5	fc
8	4	3	3	3	3	3	3	2	8	fc
8	4	4	2	2	2	2	1	1	1	fc
8	4	4	2	2	2	2	2	2	2	fc
8	4	4	3	2	2	1	1	1	1	fc
8	4	4	3	2	2	2	2	1	3	fc
8	4	4	3	3	1	1	1	1	1	fc
8	4	4	3	3	2	2	1	1	5	fc
8	4	4	3	3	2	2	2	2	12	fc
8	4	4	3	3	3	1	1	1	2	fc
8	4	4	3	3	3	2	2	1	12	fc
8	4	4	3	3	3	3	1	1	4	fc
8	4	4	3	3	3	3	2	2	27	fc
8	4	4	3	3	3	3	3	1	7	fc
8	4	4	3	3	3	3	3	3	13	fc
8	4	4	4	2	2	2	1	1	1	fc
8	4	4	4	2	2	2	2	2	2	fc
8	4	4	4	3	2	1	1	1	1	fc
8	4	4	4	3	2	2	2	1	4	fc
8	4	4	4	3	3	2	1	1	4	fc
8	4	4	4	3	3	2	2	2	18	fc
8	4	4	4	3	3	3	2	1	11	fc
8	4	4	4	3	3	3	3	2	29	fc
8	4	4	4	4	1	1	1	1	1	fc
8	4	4	4	4	2	2	1	1	2	fc
8	4	4	4	4	2	2	2	2	4	fc
8	4	4	4	4	3	1	1	1	1	fc
8	4	4	4	4	3	2	2	1	7	fc
8	4	4	4	4	3	3	1	1	4	fc
8	4	4	4	4	3	3	2	2	29	fc
8	4	4	4	4	3	3	3	1	11	fc
8	4	4	4	4	3	3	3	3	28	fc
8	4	4	4	4	4	2	1	1	1	fc
8	4	4	4	4	4	2	2	2	5	fc
8	4	4	4	4	4	3	2	1	5	fc
8	4	4	4	4	4	3	3	2	25	fc
8	4	4	4	4	4	4	1	1	2	fc
8	4	4	4	4	4	4	2	2	7	fc
8	4	4	4	4	4	4	3	1	4	fc
8	4	4	4	4	4	4	3	3	20	fc
8	4	4	4	4	4	4	4	2	4	fc
8	4	4	4	4	4	4	4	4	6	fc
8	5	2	2	2	2	1	1	1	1	fc
8	5	2	2	2	2	2	2	1	1	fc
8	5	3	2	2	2	2	1	1	1	fc
8	5	3	2	2	2	2	2	2	2	fc
8	5	3	3	2	2	1	1	1	1	fc
8	5	3	3	2	2	2	2	1	3	fc
8	5	3	3	3	2	2	1	1	2	fc
8	5	3	3	3	2	2	2	2	7	fc
8	5	3	3	3	3	1	1	1	1	fc
8	5	3	3	3	3	2	2	1	5	fc
8	5	3	3	3	3	3	1	1	1	fc
8	5	3	3	3	3	3	2	2	9	fc
8	5	3	3	3	3	3	3	1	2	fc
8	5	3	3	3	3	3	3	3	3	fc
8	5	4	2	2	2	2	2	1	1	fc
8	5	4	3	2	2	2	1	1	1	fc
8	5	4	3	2	2	2	2	2	4	fc
8	5	4	3	3	2	1	1	1	1	fc
8	5	4	3	3	2	2	2	1	7	fc
8	5	4	3	3	3	2	1	1	4	fc
8	5	4	3	3	3	2	2	2	22	fc
8	5	4	3	3	3	3	2	1	11	fc
8	5	4	3	3	3	3	3	2	24	fc
8	5	4	4	2	2	2	2	1	1	fc
8	5	4	4	3	2	2	1	1	2	fc
8	5	4	4	3	2	2	2	2	9	fc
8	5	4	4	3	3	1	1	1	1	fc
8	5	4	4	3	3	2	2	1	14	fc
8	5	4	4	3	3	3	1	1	4	fc
8	5	4	4	3	3	3	2	2	51	fc
8	5	4	4	3	3	3	3	1	13	fc
8	5	4	4	3	3	3	3	3	31	fc
8	5	4	4	4	2	1	1	1	1	fc
8	5	4	4	4	2	2	2	1	3	fc
8	5	4	4	4	3	2	1	1	4	fc
8	5	4	4	4	3	2	2	2	22	fc
8	5	4	4	4	3	3	2	1	20	fc
8	5	4	4	4	3	3	3	2	79	fc
8	5	4	4	4	4	1	1	1	1	fc
8	5	4	4	4	4	2	2	1	6	fc
8	5	4	4	4	4	3	1	1	3	fc
8	5	4	4	4	4	3	2	2	39	fc
8	5	4	4	4	4	3	3	1	18	fc
8	5	4	4	4	4	3	3	3	67	fc
8	5	4	4	4	4	4	2	1	5	fc
8	5	4	4	4	4	4	3	2	43	fc
8	5	4	4	4	4	4	4	1	4	fc
8	5	4	4	4	4	4	4	3	29	fc
8	5	5	2	2	2	2	2	2	1	fc
8	5	5	3	2	2	2	2	1	1	fc
8	5	5	3	3	2	2	1	1	1	fc
8	5	5	3	3	2	2	2	2	5	fc
8	5	5	3	3	3	1	1	1	1	fc
8	5	5	3	3	3	2	2	1	5	fc
8	5	5	3	3	3	3	1	1	2	fc
8	5	5	3	3	3	3	2	2	15	fc
8	5	5	3	3	3	3	3	1	4	fc
8	5	5	3	3	3	3	3	3	9	fc
8	5	5	4	2	2	2	2	2	1	fc
8	5	5	4	3	2	2	2	1	2	fc
8	5	5	4	3	3	2	1	1	2	fc
8	5	5	4	3	3	2	2	2	17	fc
8	5	5	4	3	3	3	2	1	11	fc
8	5	5	4	3	3	3	3	2	40	fc
8	5	5	4	4	2	2	1	1	1	fc
8	5	5	4	4	2	2	2	2	4	fc
8	5	5	4	4	3	1	1	1	1	fc
8	5	5	4	4	3	2	2	1	9	fc
8	5	5	4	4	3	3	1	1	5	fc
8	5	5	4	4	3	3	2	2	60	fc
8	5	5	4	4	3	3	3	1	19	fc
8	5	5	4	4	3	3	3	3	69	fc
8	5	5	4	4	4	2	1	1	2	fc
8	5	5	4	4	4	2	2	2	12	fc
8	5	5	4	4	4	3	2	1	17	fc
8	5	5	4	4	4	3	3	2	110	fc
8	5	5	4	4	4	4	1	1	3	fc
8	5	5	4	4	4	4	2	2	26	fc
8	5	5	4	4	4	4	3	1	18	fc
8	5	5	4	4	4	4	3	3	117	fc
8	5	5	4	4	4	4	4	2	29	fc
8	5	5	4	4	4	4	4	4	28	fc
8	5	5	5	3	2	2	2	2	1	fc
8	5	5	5	3	3	2	2	1	2	fc
8	5	5	5	3	3	3	1	1	1	fc
8	5	5	5	3	3	3	2	2	10	fc
8	5	5	5	3	3	3	3	1	3	fc
8	5	5	5	3	3	3	3	3	9	fc
8	5	5	5	4	2	2	2	1	1	fc
8	5	5	5	4	3	2	1	1	1	fc
8	5	5	5	4	3	2	2	2	8	fc
8	5	5	5	4	3	3	2	1	8	fc
8	5	5	5	4	3	3	3	2	42	fc
8	5	5	5	4	4	1	1	1	1	fc
8	5	5	5	4	4	2	2	1	5	fc
8	5	5	5	4	4	3	1	1	3	fc
8	5	5	5	4	4	3	2	2	40	fc
8	5	5	5	4	4	3	3	1	19	fc
8	5	5	5	4	4	3	3	3	87	fc
8	5	5	5	4	4	4	2	1	8	fc
8	5	5	5	4	4	4	3	2	86	fc
8	5	5	5	4	4	4	4	1	11	fc
8	5	5	5	4	4	4	4	3	96	fc
8	5	5	5	5	2	2	2	2	1	fc
8	5	5	5	5	3	2	2	1	1	fc
8	5	5	5	5	3	3	1	1	1	fc
8	5	5	5	5	3	3	2	2	8	fc
8	5	5	5	5	3	3	3	1	3	fc
8	5	5	5	5	3	3	3	3	13	fc
8	5	5	5	5	4	2	1	1	1	fc
8	5	5	5	5	4	2	2	2	4	fc
8	5	5	5	5	4	3	2	1	6	fc
8	5	5	5	5	4	3	3	2	40	fc
8	5	5	5	5	4	4	1	1	2	fc
8	5	5	5	5	4	4	2	2	19	fc
8	5	5	5	5	4	4	3	1	13	fc
8	5	5	5	5	4	4	3	3	94	fc
8	5	5	5	5	4	4	4	2	37	fc
8	5	5	5	5	4	4	4	4	50	fc
8	5	5	5	5	5	1	1	1	1	fc
8	5	5	5	5	5	2	2	1	2	fc
8	5	5	5	5	5	3	1	1	1	fc
8	5	5	5	5	5	3	2	2	7	fc
8	5	5	5	5	5	3	3	1	4	fc
8	5	5	5	5	5	3	3	3	14	fc
8	5	5	5	5	5	4	2	1	3	fc
8	5	5	5	5	5	4	3	2	27	fc
8	5	5	5	5	5	4	4	1	7	fc
8	5	5	5	5	5	4	4	3	61	fc
8	5	5	5	5	5	5	1	1	1	fc
8	5	5	5	5	5	5	2	2	4	fc
8	5	5	5	5	5	5	3	1	2	fc
8	5	5	5	5	5	5	3	3	13	fc
8	5	5	5	5	5	5	4	2	10	fc
8	5	5	5	5	5	5	4	4	28	fc
8	5	5	5	5	5	5	5	1	2	fc
8	5	5	5	5	5	5	5	3	7	fc
8	5	5	5	5	5	5	5	5	6	fc
8	6	2	2	2	2	2	1	1	1	fc
8	6	2	2	2	2	2	2	2	1	fc
8	6	3	2	2	2	2	2	1	1	fc
8	6	3	3	2	2	2	1	1	1	fc
8	6	3	3	2	2	2	2	2	3	fc
8	6	3	3	3	2	2	2	1	2	fc
8	6	3	3	3	3	2	1	1	1	fc
8	6	3	3	3	3	2	2	2	5	fc
8	6	3	3	3	3	3	2	1	2	fc
8	6	3	3	3	3	3	3	2	4	fc
8	6	4	2	2	2	2	2	2	1	fc
8	6	4	3	2	2	2	2	1	1	fc
8	6	4	3	3	2	2	1	1	1	fc
8	6	4	3	3	2	2	2	2	7	fc
8	6	4	3	3	3	2	2	1	4	fc
8	6	4	3	3	3	3	1	1	1	fc
8	6	4	3	3	3	3	2	2	15	fc
8	6	4	3	3	3	3	3	1	3	fc
8	6	4	3	3	3	3	3	3	7	fc
8	6	4	4	2	2	2	2	2	1	fc
8	6	4	4	3	2	2	2	1	2	fc
8	6	4	4	3	3	2	1	1	1	fc
8	6	4	4	3	3	2	2	2	14	fc
8	6	4	4	3	3	3	2	1	7	fc
8	6	4	4	3	3	3	3	2	29	fc
8	6	4	4	4	2	2	1	1	1	fc
8	6	4	4	4	2	2	2	2	3	fc
8	6	4	4	4	3	2	2	1	4	fc
8	6	4	4	4	3	3	1	1	2	fc
8	6	4	4	4	3	3	2	2	28	fc
8	6	4	4	4	3	3	3	1	8	fc
8	6	4	4	4	3	3	3	3	31	fc
8	6	4	4	4	4	2	1	1	1	fc
8	6	4	4	4	4	2	2	2	6	fc
8	6	4	4	4	4	3	2	1	6	fc
8	6	4	4	4	4	3	3	2	42	fc
8	6	4	4	4	4	4	1	1	1	fc
8	6	4	4	4	4	4	2	2	9	fc
8	6	4	4	4	4	4	3	1	5	fc
8	6	4	4	4	4	4	3	3	35	fc
8	6	4	4	4	4	4	4	2	9	fc
8	6	4	4	4	4	4	4	4	7	fc
8	6	5	3	2	2	2	2	2	1	fc
8	6	5	3	3	2	2	2	1	1	fc
8	6	5	3	3	3	2	1	1	1	fc
8	6	5	3	3	3	2	2	2	7	fc
8	6	5	3	3	3	3	2	1	4	fc
8	6	5	3	3	3	3	3	2	11	fc
8	6	5	4	3	2	2	2	2	3	fc
8	6	5	4	3	3	2	2	1	3	fc
8	6	5	4	3	3	3	1	1	1	fc
8	6	5	4	3	3	3	2	2	27	fc
8	6	5	4	3	3	3	3	1	6	fc
8	6	5	4	3	3	3	3	3	23	fc
8	6	5	4	4	2	2	2	1	1	fc
8	6	5	4	4	3	2	1	1	1	fc
8	6	5	4	4	3	2	2	2	14	fc
8	6	5	4	4	3	3	2	1	12	fc
8	6	5	4	4	3	3	3	2	75	fc
8	6	5	4	4	4	2	2	1	3	fc
8	6	5	4	4	4	3	1	1	2	fc
8	6	5	4	4	4	3	2	2	43	fc
8	6	5	4	4	4	3	3	1	17	fc
8	6	5	4	4	4	3	3	3	99	fc
8	6	5	4	4	4	4	2	1	6	fc
8	6	5	4	4	4	4	3	2	79	fc
8	6	5	4	4	4	4	4	1	5	fc
8	6	5	4	4	4	4	4	3	71	fc
8	6	5	5	3	3	2	2	2	4	fc
8	6	5	5	3	3	3	2	1	2	fc
8	6	5	5	3	3	3	3	2	14	fc
8	6	5	5	4	2	2	2	2	1	fc
8	6	5	5	4	3	2	2	1	2	fc
8	6	5	5	4	3	3	1	1	1	fc
8	6	5	5	4	3	3	2	2	28	fc
8	6	5	5	4	3	3	3	1	8	fc
8	6	5	5	4	3	3	3	3	46	fc
8	6	5	5	4	4	2	1	1	1	fc
8	6	5	5	4	4	2	2	2	9	fc
8	6	5	5	4	4	3	2	1	12	fc
8	6	5	5	4	4	3	3	2	115	fc
8	6	5	5	4	4	4	1	1	2	fc
8	6	5	5	4	4	4	2	2	30	fc
8	6	5	5	4	4	4	3	1	20	fc
8	6	5	5	4	4	4	3	3	184	fc
8	6	5	5	4	4	4	4	2	58	fc
8	6	5	5	4	4	4	4	4	61	fc
8	6	5	5	5	3	2	2	2	2	fc
8	6	5	5	5	3	3	2	1	2	fc
8	6	5	5	5	3	3	3	2	16	fc
8	6	5	5	5	4	2	2	1	2	fc
8	6	5	5	5	4	3	1	1	1	fc
8	6	5	5	5	4	3	2	2	25	fc
8	6	5	5	5	4	3	3	1	11	fc
8	6	5	5	5	4	3	3	3	71	fc
8	6	5	5	5	4	4	2	1	7	fc
8	6	5	5	5	4	4	3	2	109	fc
8	6	5	5	5	4	4	4	1	11	fc
8	6	5	5	5	4	4	4	3	184	fc
8	6	5	5	5	5	2	1	1	1	fc
8	6	5	5	5	5	2	2	2	3	fc
8	6	5	5	5	5	3	2	1	4	fc
8	6	5	5	5	5	3	3	2	24	fc
8	6	5	5	5	5	4	1	1	1	fc
8	6	5	5	5	5	4	2	2	16	fc
8	6	5	5	5	5	4	3	1	11	fc
8	6	5	5	5	5	4	3	3	94	fc
8	6	5	5	5	5	4	4	2	56	fc
8	6	5	5	5	5	4	4	4	96	fc
8	6	5	5	5	5	5	2	1	2	fc
8	6	5	5	5	5	5	3	2	18	fc
8	6	5	5	5	5	5	4	1	5	fc
8	6	5	5	5	5	5	4	3	71	fc
8	6	5	5	5	5	5	5	2	8	fc
8	6	5	5	5	5	5	5	4	29	fc
8	6	6	3	3	2	2	2	2	1	fc
8	6	6	3	3	3	2	2	1	1	fc
8	6	6	3	3	3	3	1	1	1	fc
8	6	6	3	3	3	3	2	2	5	fc
8	6	6	3	3	3	3	3	1	2	fc
8	6	6	3	3	3	3	3	3	4	fc
8	6	6	4	3	3	2	2	2	2	fc
8	6	6	4	3	3	3	2	1	2	fc
8	6	6	4	3	3	3	3	2	11	fc
8	6	6	4	4	2	2	2	2	1	fc
8	6	6	4	4	3	2	2	1	1	fc
8	6	6	4	4	3	3	1	1	1	fc
8	6	6	4	4	3	3	2	2	13	fc
8	6	6	4	4	3	3	3	1	5	fc
8	6	6	4	4	3	3	3	3	23	fc
8	6	6	4	4	4	2	2	2	2	fc
8	6	6	4	4	4	3	2	1	3	fc
8	6	6	4	4	4	3	3	2	29	fc
8	6	6	4	4	4	4	1	1	1	fc
8	6	6	4	4	4	4	2	2	8	fc
8	6	6	4	4	4	4	3	1	6	fc
8	6	6	4	4	4	4	3	3	43	fc
8	6	6	4	4	4	4	4	2	11	fc
8	6	6	4	4	4	4	4	4	13	fc
8	6	6	5	3	3	3	2	2	4	fc
8	6	6	5	3	3	3	3	1	1	fc
8	6	6	5	3	3	3	3	3	6	fc
8	6	6	5	4	3	2	2	2	2	fc
8	6	6	5	4	3	3	2	1	2	fc
8	6	6	5	4	3	3	3	2	23	fc
8	6	6	5	4	4	2	2	1	1	fc
8	6	6	5	4	4	3	1	1	1	fc
8	6	6	5	4	4	3	2	2	20	fc
8	6	6	5	4	4	3	3	1	9	fc
8	6	6	5	4	4	3	3	3	66	fc
8	6	6	5	4	4	4	2	1	4	fc
8	6	6	5	4	4	4	3	2	65	fc
8	6	6	5	4	4	4	4	1	7	fc
8	6	6	5	4	4	4	4	3	94	fc
8	6	6	5	5	3	3	2	2	5	fc
8	6	6	5	5	3	3	3	1	2	fc
8	6	6	5	5	3	3	3	3	14	fc
8	6	6	5	5	4	2	2	2	2	fc
8	6	6	5	5	4	3	2	1	3	fc
8	6	6	5	5	4	3	3	2	45	fc
8	6	6	5	5	4	4	1	1	1	fc
8	6	6	5	5	4	4	2	2	19	fc
8	6	6	5	5	4	4	3	1	14	fc
8	6	6	5	5	4	4	3	3	149	fc
8	6	6	5	5	4	4	4	2	57	fc
8	6	6	5	5	4	4	4	4	94	fc
8	6	6	5	5	5	2	2	1	1	fc
8	6	6	5	5	5	3	1	1	1	fc
8	6	6	5	5	5	3	2	2	9	fc
8	6	6	5	5	5	3	3	1	5	fc
8	6	6	5	5	5	3	3	3	26	fc
8	6	6	5	5	5	4	2	1	4	fc
8	6	6	5	5	5	4	3	2	64	fc
8	6	6	5	5	5	4	4	1	12	fc
8	6	6	5	5	5	4	4	3	184	fc
8	6	6	5	5	5	5	1	1	1	fc
8	6	6	5	5	5	5	2	2	8	fc
8	6	6	5	5	5	5	3	1	5	fc
8	6	6	5	5	5	5	3	3	43	fc
8	6	6	5	5	5	5	4	2	39	fc
8	6	6	5	5	5	5	4	4	117	fc
8	6	6	5	5	5	5	5	1	4	fc
8	6	6	5	5	5	5	5	3	35	fc
8	6	6	5	5	5	5	5	5	20	fc
8	6	6	6	3	3	3	3	2	1	fc
8	6	6	6	4	3	3	2	2	2	fc
8	6	6	6	4	3	3	3	1	1	fc
8	6	6	6	4	3	3	3	3	5	fc
8	6	6	6	4	4	2	2	2	1	fc
8	6	6	6	4	4	3	2	1	1	fc
8	6	6	6	4	4	3	3	2	11	fc
8	6	6	6	4	4	4	1	1	1	fc
8	6	6	6	4	4	4	2	2	5	fc
8	6	6	6	4	4	4	3	1	3	fc
8	6	6	6	4	4	4	3	3	26	fc
8	6	6	6	4	4	4	4	2	10	fc
8	6	6	6	4	4	4	4	4	14	fc
8	6	6	6	5	3	3	3	2	3	fc
8	6	6	6	5	4	3	2	2	4	fc
8	6	6	6	5	4	3	3	1	2	fc
8	6	6	6	5	4	3	3	3	20	fc
8	6	6	6	5	4	4	2	1	2	fc
8	6	6	6	5	4	4	3	2	31	fc
8	6	6	6	5	4	4	4	1	4	fc
8	6	6	6	5	4	4	4	3	71	fc
8	6	6	6	5	5	2	2	2	1	fc
8	6	6	6	5	5	3	2	1	1	fc
8	6	6	6	5	5	3	3	2	11	fc
8	6	6	6	5	5	4	1	1	1	fc
8	6	6	6	5	5	4	2	2	9	fc
8	6	6	6	5	5	4	3	1	7	fc
8	6	6	6	5	5	4	3	3	66	fc
8	6	6	6	5	5	4	4	2	41	fc
8	6	6	6	5	5	4	4	4	87	fc
8	6	6	6	5	5	5	2	1	2	fc
8	6	6	6	5	5	5	3	2	20	fc
8	6	6	6	5	5	5	4	1	7	fc
8	6	6	6	5	5	5	4	3	99	fc
8	6	6	6	5	5	5	5	2	15	fc
8	6	6	6	5	5	5	5	4	67	fc
8	6	6	6	6	3	3	3	3	2	fc
8	6	6	6	6	4	3	3	2	2	fc
8	6	6	6	6	4	4	2	2	2	fc
8	6	6	6	6	4	4	3	1	1	fc
8	6	6	6	6	4	4	3	3	14	fc
8	6	6	6	6	4	4	4	2	5	fc
8	6	6	6	6	4	4	4	4	13	fc
8	6	6	6	6	5	3	2	2	1	fc
8	6	6	6	6	5	3	3	1	1	fc
8	6	6	6	6	5	3	3	3	5	fc
8	6	6	6	6	5	4	2	1	1	fc
8	6	6	6	6	5	4	3	2	13	fc
8	6	6	6	6	5	4	4	1	3	fc
8	6	6	6	6	5	4	4	3	46	fc
8	6	6	6	6	5	5	1	1	1	fc
8	6	6	6	6	5	5	2	2	5	fc
8	6	6	6	6	5	5	3	1	3	fc
8	6	6	6	6	5	5	3	3	23	fc
8	6	6	6	6	5	5	4	2	21	fc
8	6	6	6	6	5	5	4	4	69	fc
8	6	6	6	6	5	5	5	1	3	fc
8	6	6	6	6	5	5	5	3	31	fc
8	6	6	6	6	5	5	5	5	28	fc
8	6	6	6	6	6	3	3	2	1	fc
8	6	6	6	6	6	4	2	2	1	fc
8	6	6	6	6	6	4	3	1	1	fc
8	6	6	6	6	6	4	3	3	6	fc
8	6	6	6	6	6	4	4	2	4	fc
8	6	6	6	6	6	4	4	4	9	fc
8	6	6	6	6	6	5	2	1	1	fc
8	6	6	6	6	6	5	3	2	6	fc
8	6	6	6	6	6	5	4	1	2	fc
8	6	6	6	6	6	5	4	3	23	fc
8	6	6	6	6	6	5	5	2	7	fc
8	6	6	6	6	6	5	5	4	31	fc
8	6	6	6	6	6	6	1	1	1	fc
8	6	6	6	6	6	6	2	2	2	fc
8	6	6	6	6	6	6	3	1	1	fc
8	6	6	6	6	6	6	3	3	4	fc
8	6	6	6	6	6	6	4	2	3	fc
8	6	6	6	6	6	6	4	4	9	fc
8	6	6	6	6	6	6	5	1	1	fc
8	6	6	6	6	6	6	5	3	7	fc
8	6	6	6	6	6	6	5	5	13	fc
8	6	6	6	6	6	6	6	2	1	fc
8	6	6	6	6	6	6	6	4	3	fc
8	6	6	6	6	6	6	6	6	3	fc
8	7	2	2	2	2	2	2	1	1	fc
8	7	3	2	2	2	2	2	2	1	fc
8	7	3	3	2	2	2	2	1	1	fc
8	7	3	3	3	2	2	2	2	2	fc
8	7	3	3	3	3	2	2	1	1	fc
8	7	3	3	3	3	3	2	2	2	fc
8	7	3	3	3	3	3	3	1	1	fc
8	7	3	3	3	3	3	3	3	1	fc
8	7	4	3	2	2	2	2	2	1	fc
8	7	4	3	3	2	2	2	1	1	fc
8	7	4	3	3	3	2	2	2	4	fc
8	7	4	3	3	3	3	2	1	1	fc
8	7	4	3	3	3	3	3	2	5	fc
8	7	4	4	3	2	2	2	2	2	fc
8	7	4	4	3	3	2	2	1	1	fc
8	7	4	4	3	3	3	2	2	7	fc
8	7	4	4	3	3	3	3	1	2	fc
8	7	4	4	3	3	3	3	3	7	fc
8	7	4	4	4	2	2	2	1	1	fc
8	7	4	4	4	3	2	2	2	4	fc
8	7	4	4	4	3	3	2	1	2	fc
8	7	4	4	4	3	3	3	2	13	fc
8	7	4	4	4	4	2	2	1	1	fc
8	7	4	4	4	4	3	2	2	6	fc
8	7	4	4	4	4	3	3	1	3	fc
8	7	4	4	4	4	3	3	3	15	fc
8	7	4	4	4	4	4	2	1	1	fc
8	7	4	4	4	4	4	3	2	9	fc
8	7	4	4	4	4	4	4	1	2	fc
8	7	4	4	4	4	4	4	3	8	fc
8	7	5	3	3	2	2	2	2	1	fc
8	7	5	3	3	3	2	2	1	1	fc
8	7	5	3	3	3	3	2	2	4	fc
8	7	5	3	3	3	3	3	1	1	fc
8	7	5	3	3	3	3	3	3	3	fc
8	7	5	4	3	3	2	2	2	3	fc
8	7	5	4	3	3	3	2	1	1	fc
8	7	5	4	3	3	3	3	2	11	fc
8	7	5	4	4	2	2	2	2	1	fc
8	7	5	4	4	3	2	2	1	1	fc
8	7	5	4	4	3	3	2	2	12	fc
8	7	5	4	4	3	3	3	1	3	fc
8	7	5	4	4	3	3	3	3	21	fc
8	7	5	4	4	4	2	2	2	3	fc
8	7	5	4	4	4	3	2	1	2	fc
8	7	5	4	4	4	3	3	2	30	fc
8	7	5	4	4	4	4	2	2	6	fc
8	7	5	4	4	4	4	3	1	3	fc
8	7	5	4	4	4	4	3	3	39	fc
8	7	5	4	4	4	4	4	2	10	fc
8	7	5	4	4	4	4	4	4	10	fc
8	7	5	5	3	3	3	2	2	2	fc
8	7	5	5	3	3	3	3	1	1	fc
8	7	5	5	3	3	3	3	3	4	fc
8	7	5	5	4	3	2	2	2	2	fc
8	7	5	5	4	3	3	2	1	1	fc
8	7	5	5	4	3	3	3	2	14	fc
8	7	5	5	4	4	2	2	1	1	fc
8	7	5	5	4	4	3	2	2	12	fc
8	7	5	5	4	4	3	3	1	5	fc
8	7	5	5	4	4	3	3	3	41	fc
8	7	5	5	4	4	4	2	1	2	fc
8	7	5	5	4	4	4	3	2	36	fc
8	7	5	5	4	4	4	4	1	4	fc
8	7	5	5	4	4	4	4	3	56	fc
8	7	5	5	5	3	3	2	2	2	fc
8	7	5	5	5	3	3	3	1	1	fc
8	7	5	5	5	3	3	3	3	5	fc
8	7	5	5	5	4	2	2	2	2	fc
8	7	5	5	5	4	3	2	1	1	fc
8	7	5	5	5	4	3	3	2	19	fc
8	7	5	5	5	4	4	2	2	7	fc
8	7	5	5	5	4	4	3	1	4	fc
8	7	5	5	5	4	4	3	3	57	fc
8	7	5	5	5	4	4	4	2	22	fc
8	7	5	5	5	4	4	4	4	37	fc
8	7	5	5	5	5	2	2	1	1	fc
8	7	5	5	5	5	3	2	2	4	fc
8	7	5	5	5	5	3	3	1	2	fc
8	7	5	5	5	5	3	3	3	10	fc
8	7	5	5	5	5	4	2	1	1	fc
8	7	5	5	5	5	4	3	2	20	fc
8	7	5	5	5	5	4	4	1	4	fc
8	7	5	5	5	5	4	4	3	58	fc
8	7	5	5	5	5	5	2	2	2	fc
8	7	5	5	5	5	5	3	1	1	fc
8	7	5	5	5	5	5	3	3	11	fc
8	7	5	5	5	5	5	4	2	10	fc
8	7	5	5	5	5	5	4	4	29	fc
8	7	5	5	5	5	5	5	1	2	fc
8	7	5	5	5	5	5	5	3	9	fc
8	7	5	5	5	5	5	5	5	4	fc
8	7	6	3	3	3	2	2	2	1	fc
8	7	6	3	3	3	3	2	1	1	fc
8	7	6	3	3	3	3	3	2	4	fc
8	7	6	4	3	3	3	2	2	3	fc
8	7	6	4	3	3	3	3	1	1	fc
8	7	6	4	3	3	3	3	3	6	fc
8	7	6	4	4	3	2	2	2	1	fc
8	7	6	4	4	3	3	2	1	1	fc
8	7	6	4	4	3	3	3	2	12	fc
8	7	6	4	4	4	3	2	2	5	fc
8	7	6	4	4	4	3	3	1	2	fc
8	7	6	4	4	4	3	3	3	20	fc
8	7	6	4	4	4	4	2	1	1	fc
8	7	6	4	4	4	4	3	2	15	fc
8	7	6	4	4	4	4	4	1	1	fc
8	7	6	4	4	4	4	4	3	18	fc
8	7	6	5	3	3	3	3	2	3	fc
8	7	6	5	4	3	3	2	2	3	fc
8	7	6	5	4	3	3	3	1	1	fc
8	7	6	5	4	3	3	3	3	13	fc
8	7	6	5	4	4	2	2	2	1	fc
8	7	6	5	4	4	3	2	1	1	fc
8	7	6	5	4	4	3	3	2	27	fc
8	7	6	5	4	4	4	2	2	6	fc
8	7	6	5	4	4	4	3	1	4	fc
8	7	6	5	4	4	4	3	3	64	fc
8	7	6	5	4	4	4	4	2	20	fc
8	7	6	5	4	4	4	4	4	27	fc
8	7	6	5	5	3	3	3	2	4	fc
8	7	6	5	5	4	3	2	2	5	fc
8	7	6	5	5	4	3	3	1	2	fc
8	7	6	5	5	4	3	3	3	31	fc
8	7	6	5	5	4	4	2	1	1	fc
8	7	6	5	5	4	4	3	2	42	fc
8	7	6	5	5	4	4	4	1	4	fc
8	7	6	5	5	4	4	4	3	109	fc
8	7	6	5	5	5	2	2	2	1	fc
8	7	6	5	5	5	3	2	1	1	fc
8	7	6	5	5	5	3	3	2	12	fc
8	7	6	5	5	5	4	2	2	6	fc
8	7	6	5	5	5	4	3	1	4	fc
8	7	6	5	5	5	4	3	3	65	fc
8	7	6	5	5	5	4	4	2	36	fc
8	7	6	5	5	5	4	4	4	86	fc
8	7	6	5	5	5	5	2	1	1	fc
8	7	6	5	5	5	5	3	2	15	fc
8	7	6	5	5	5	5	4	1	3	fc
8	7	6	5	5	5	5	4	3	79	fc
8	7	6	5	5	5	5	5	2	9	fc
8	7	6	5	5	5	5	5	4	43	fc
8	7	6	6	3	3	3	3	3	1	fc
8	7	6	6	4	3	3	3	2	2	fc
8	7	6	6	4	4	3	2	2	2	fc
8	7	6	6	4	4	3	3	1	1	fc
8	7	6	6	4	4	3	3	3	11	fc
8	7	6	6	4	4	4	2	1	1	fc
8	7	6	6	4	4	4	3	2	12	fc
8	7	6	6	4	4	4	4	1	2	fc
8	7	6	6	4	4	4	4	3	24	fc
8	7	6	6	5	3	3	3	3	2	fc
8	7	6	6	5	4	3	3	2	8	fc
8	7	6	6	5	4	4	2	2	3	fc
8	7	6	6	5	4	4	3	1	2	fc
8	7	6	6	5	4	4	3	3	45	fc
8	7	6	6	5	4	4	4	2	19	fc
8	7	6	6	5	4	4	4	4	40	fc
8	7	6	6	5	5	3	2	2	2	fc
8	7	6	6	5	5	3	3	1	1	fc
8	7	6	6	5	5	3	3	3	11	fc
8	7	6	6	5	5	4	2	1	1	fc
8	7	6	6	5	5	4	3	2	27	fc
8	7	6	6	5	5	4	4	1	5	fc
8	7	6	6	5	5	4	4	3	115	fc
8	7	6	6	5	5	5	2	2	3	fc
8	7	6	6	5	5	5	3	1	2	fc
8	7	6	6	5	5	5	3	3	29	fc
8	7	6	6	5	5	5	4	2	30	fc
8	7	6	6	5	5	5	4	4	110	fc
8	7	6	6	5	5	5	5	1	3	fc
8	7	6	6	5	5	5	5	3	42	fc
8	7	6	6	5	5	5	5	5	25	fc
8	7	6	6	6	4	3	3	3	3	fc
8	7	6	6	6	4	4	3	2	4	fc
8	7	6	6	6	4	4	4	1	1	fc
8	7	6	6	6	4	4	4	3	16	fc
8	7	6	6	6	5	3	3	2	2	fc
8	7	6	6	6	5	4	2	2	2	fc
8	7	6	6	6	5	4	3	1	1	fc
8	7	6	6	6	5	4	3	3	23	fc
8	7	6	6	6	5	4	4	2	14	fc
8	7	6	6	6	5	4	4	4	42	fc
8	7	6	6	6	5	5	2	1	1	fc
8	7	6	6	6	5	5	3	2	12	fc
8	7	6	6	6	5	5	4	1	3	fc
8	7	6	6	6	5	5	4	3	75	fc
8	7	6	6	6	5	5	5	2	13	fc
8	7	6	6	6	5	5	5	4	79	fc
8	7	6	6	6	6	3	3	3	1	fc
8	7	6	6	6	6	4	3	2	3	fc
8	7	6	6	6	6	4	4	1	1	fc
8	7	6	6	6	6	4	4	3	14	fc
8	7	6	6	6	6	5	2	2	2	fc
8	7	6	6	6	6	5	3	1	1	fc
8	7	6	6	6	6	5	3	3	11	fc
8	7	6	6	6	6	5	4	2	11	fc
8	7	6	6	6	6	5	4	4	40	fc
8	7	6	6	6	6	5	5	1	2	fc
8	7	6	6	6	6	5	5	3	29	fc
8	7	6	6	6	6	5	5	5	29	fc
8	7	6	6	6	6	6	2	1	1	fc
8	7	6	6	6	6	6	3	2	4	fc
8	7	6	6	6	6	6	4	1	1	fc
8	7	6	6	6	6	6	4	3	11	fc
8	7	6	6	6	6	6	5	2	5	fc
8	7	6	6	6	6	6	5	4	24	fc
8	7	6	6	6	6	6	6	1	1	fc
8	7	6	6	6	6	6	6	3	4	fc
8	7	6	6	6	6	6	6	5	8	fc
8	7	7	3	3	3	3	2	2	1	fc
8	7	7	3	3	3	3	3	1	1	fc
8	7	7	3	3	3	3	3	3	2	fc
8	7	7	4	3	3	3	3	2	2	fc
8	7	7	4	4	3	3	2	2	1	fc
8	7	7	4	4	3	3	3	1	1	fc
8	7	7	4	4	3	3	3	3	5	fc
8	7	7	4	4	4	3	3	2	3	fc
8	7	7	4	4	4	4	2	2	1	fc
8	7	7	4	4	4	4	3	1	1	fc
8	7	7	4	4	4	4	3	3	8	fc
8	7	7	4	4	4	4	4	2	2	fc
8	7	7	4	4	4	4	4	4	4	fc
8	7	7	5	3	3	3	3	3	1	fc
8	7	7	5	4	3	3	3	2	2	fc
8	7	7	5	4	4	3	2	2	1	fc
8	7	7	5	4	4	3	3	1	1	fc
8	7	7	5	4	4	3	3	3	9	fc
8	7	7	5	4	4	4	3	2	6	fc
8	7	7	5	4	4	4	4	1	1	fc
8	7	7	5	4	4	4	4	3	16	fc
8	7	7	5	5	3	3	3	3	2	fc
8	7	7	5	5	4	3	3	2	3	fc
8	7	7	5	5	4	4	2	2	1	fc
8	7	7	5	5	4	4	3	1	1	fc
8	7	7	5	5	4	4	3	3	19	fc
8	7	7	5	5	4	4	4	2	7	fc
8	7	7	5	5	4	4	4	4	19	fc
8	7	7	5	5	5	3	2	2	1	fc
8	7	7	5	5	5	3	3	1	1	fc
8	7	7	5	5	5	3	3	3	5	fc
8	7	7	5	5	5	4	3	2	6	fc
8	7	7	5	5	5	4	4	1	2	fc
8	7	7	5	5	5	4	4	3	30	fc
8	7	7	5	5	5	5	2	2	1	fc
8	7	7	5	5	5	5	3	1	1	fc
8	7	7	5	5	5	5	3	3	8	fc
8	7	7	5	5	5	5	4	2	6	fc
8	7	7	5	5	5	5	4	4	26	fc
8	7	7	5	5	5	5	5	1	1	fc
8	7	7	5	5	5	5	5	3	9	fc
8	7	7	5	5	5	5	5	5	7	fc
8	7	7	6	4	3	3	3	3	1	fc
8	7	7	6	4	4	3	3	2	2	fc
8	7	7	6	4	4	4	2	2	1	fc
8	7	7	6	4	4	4	3	1	1	fc
8	7	7	6	4	4	4	3	3	9	fc
8	7	7	6	4	4	4	4	2	4	fc
8	7	7	6	4	4	4	4	4	7	fc
8	7	7	6	5	4	3	3	3	4	fc
8	7	7	6	5	4	4	3	2	5	fc
8	7	7	6	5	4	4	4	1	1	fc
8	7	7	6	5	4	4	4	3	25	fc
8	7	7	6	5	5	3	3	2	2	fc
8	7	7	6	5	5	4	2	2	1	fc
8	7	7	6	5	5	4	3	1	1	fc
8	7	7	6	5	5	4	3	3	20	fc
8	7	7	6	5	5	4	4	2	12	fc
8	7	7	6	5	5	4	4	4	40	fc
8	7	7	6	5	5	5	3	2	5	fc
8	7	7	6	5	5	5	4	1	2	fc
8	7	7	6	5	5	5	4	3	43	fc
8	7	7	6	5	5	5	5	2	6	fc
8	7	7	6	5	5	5	5	4	39	fc
8	7	7	6	6	4	4	3	3	5	fc
8	7	7	6	6	4	4	4	2	2	fc
8	7	7	6	6	4	4	4	4	8	fc
8	7	7	6	6	5	3	3	3	2	fc
8	7	7	6	6	5	4	3	2	3	fc
8	7	7	6	6	5	4	4	1	1	fc
8	7	7	6	6	5	4	4	3	28	fc
8	7	7	6	6	5	5	2	2	1	fc
8	7	7	6	6	5	5	3	1	1	fc
8	7	7	6	6	5	5	3	3	13	fc
8	7	7	6	6	5	5	4	2	12	fc
8	7	7	6	6	5	5	4	4	60	fc
8	7	7	6	6	5	5	5	1	2	fc
8	7	7	6	6	5	5	5	3	28	fc
8	7	7	6	6	5	5	5	5	29	fc
8	7	7	6	6	6	4	3	3	4	fc
8	7	7	6	6	6	4	4	2	2	fc
8	7	7	6	6	6	4	4	4	10	fc
8	7	7	6	6	6	5	3	2	3	fc
8	7	7	6	6	6	5	4	1	1	fc
8	7	7	6	6	6	5	4	3	27	fc
8	7	7	6	6	6	5	5	2	7	fc
8	7	7	6	6	6	5	5	4	51	fc
8	7	7	6	6	6	6	2	2	1	fc
8	7	7	6	6	6	6	3	1	1	fc
8	7	7	6	6	6	6	3	3	5	fc
8	7	7	6	6	6	6	4	2	4	fc
8	7	7	6	6	6	6	4	4	15	fc
8	7	7	6	6	6	6	5	1	1	fc
8	7	7	6	6	6	6	5	3	15	fc
8	7	7	6	6	6	6	5	5	27	fc
8	7	7	6	6	6	6	6	2	2	fc
8	7	7	6	6	6	6	6	4	9	fc
8	7	7	6	6	6	6	6	6	6	fc
8	7	7	7	4	4	3	3	3	1	fc
8	7	7	7	4	4	4	3	2	1	fc
8	7	7	7	4	4	4	4	1	1	fc
8	7	7	7	4	4	4	4	3	3	fc
8	7	7	7	5	4	4	3	3	2	fc
8	7	7	7	5	4	4	4	2	2	fc
8	7	7	7	5	4	4	4	4	4	fc
8	7	7	7	5	5	3	3	3	1	fc
8	7	7	7	5	5	4	3	2	1	fc
8	7	7	7	5	5	4	4	1	1	fc
8	7	7	7	5	5	4	4	3	9	fc
8	7	7	7	5	5	5	3	3	2	fc
8	7	7	7	5	5	5	4	2	3	fc
8	7	7	7	5	5	5	4	4	12	fc
8	7	7	7	5	5	5	5	1	1	fc
8	7	7	7	5	5	5	5	3	6	fc
8	7	7	7	5	5	5	5	5	5	fc
8	7	7	7	6	4	4	4	3	2	fc
8	7	7	7	6	5	4	3	3	2	fc
8	7	7	7	6	5	4	4	2	2	fc
8	7	7	7	6	5	4	4	4	8	fc
8	7	7	7	6	5	5	3	2	1	fc
8	7	7	7	6	5	5	4	1	1	fc
8	7	7	7	6	5	5	4	3	14	fc
8	7	7	7	6	5	5	5	2	4	fc
8	7	7	7	6	5	5	5	4	22	fc
8	7	7	7	6	6	4	4	3	4	fc
8	7	7	7	6	6	5	3	3	2	fc
8	7	7	7	6	6	5	4	2	3	fc
8	7	7	7	6	6	5	4	4	17	fc
8	7	7	7	6	6	5	5	1	1	fc
8	7	7	7	6	6	5	5	3	14	fc
8	7	7	7	6	6	5	5	5	18	fc
8	7	7	7	6	6	6	3	2	1	fc
8	7	7	7	6	6	6	4	1	1	fc
8	7	7	7	6	6	6	4	3	7	fc
8	7	7	7	6	6	6	5	2	4	fc
8	7	7	7	6	6	6	5	4	22	fc
8	7	7	7	6	6	6	6	1	1	fc
8	7	7	7	6	6	6	6	3	5	fc
8	7	7	7	6	6	6	6	5	12	fc
8	7	7	7	7	4	4	4	4	1	fc
8	7	7	7	7	5	4	4	3	1	fc
8	7	7	7	7	5	5	3	3	1	fc
8	7	7	7	7	5	5	4	2	1	fc
8	7	7	7	7	5	5	4	4	4	fc
8	7	7	7	7	5	5	5	1	1	fc
8	7	7	7	7	5	5	5	3	3	fc
8	7	7	7	7	5	5	5	5	4	fc
8	7	7	7	7	6	4	4	4	1	fc
8	7	7	7	7	6	5	4	3	3	fc
8	7	7	7	7	6	5	5	2	2	fc
8	7	7	7	7	6	5	5	4	9	fc
8	7	7	7	7	6	6	3	3	1	fc
8	7	7	7	7	6	6	4	2	1	fc
8	7	7	7	7	6	6	4	4	5	fc
8	7	7	7	7	6	6	5	1	1	fc
8	7	7	7	7	6	6	5	3	7	fc
8	7	7	7	7	6	6	5	5	12	fc
8	7	7	7	7	6	6	6	2	2	fc
8	7	7	7	7	6	6	6	4	7	fc
8	7	7	7	7	6	6	6	6	5	fc
8	7	7	7	7	7	5	4	4	1	fc
8	7	7	7	7	7	5	5	3	1	fc
8	7	7	7	7	7	5	5	5	2	fc
8	7	7	7	7	7	6	4	3	1	fc
8	7	7	7	7	7	6	5	2	1	fc
8	7	7	7	7	7	6	5	4	4	fc
8	7	7	7	7	7	6	6	1	1	fc
8	7	7	7	7	7	6	6	3	3	fc
8	7	7	7	7	7	6	6	5	5	fc
8	7	7	7	7	7	7	4	4	1	fc
8	7	7	7	7	7	7	5	3	1	fc
8	7	7	7	7	7	7	5	5	2	fc
8	7	7	7	7	7	7	6	2	1	fc
8	7	7	7	7	7	7	6	4	2	fc
8	7	7	7	7	7	7	6	6	2	fc
8	7	7	7	7	7	7	7	1	1	fc
8	7	7	7	7	7	7	7	3	1	fc
8	7	7	7	7	7	7	7	5	1	fc
8	7	7	7	7	7	7	7	7	1	fc
8	8	2	2	2	2	2	2	2	1	fc
8	8	3	3	2	2	2	2	2	1	fc
8	8	3	3	3	3	2	2	2	1	fc
8	8	3	3	3	3	3	3	2	1	fc
8	8	4	3	3	2	2	2	2	1	fc
8	8	4	3	3	3	3	2	2	1	fc
8	8	4	3	3	3	3	3	3	1	fc
8	8	4	4	3	3	2	2	2	1	fc
8	8	4	4	3	3	3	3	2	2	fc
8	8	4	4	4	2	2	2	2	1	fc
8	8	4	4	4	3	3	2	2	2	fc
8	8	4	4	4	3	3	3	3	3	fc
8	8	4	4	4	4	2	2	2	1	fc
8	8	4	4	4	4	3	3	2	3	fc
8	8	4	4	4	4	4	2	2	1	fc
8	8	4	4	4	4	4	3	3	4	fc
8	8	4	4	4	4	4	4	2	2	fc
8	8	4	4	4	4	4	4	4	2	fc
8	8	5	3	3	3	2	2	2	1	fc
8	8	5	3	3	3	3	3	2	1	fc
8	8	5	4	3	3	3	2	2	1	fc
8	8	5	4	3	3	3	3	3	2	fc
8	8	5	4	4	3	2	2	2	1	fc
8	8	5	4	4	3	3	3	2	3	fc
8	8	5	4	4	4	3	2	2	2	fc
8	8	5	4	4	4	3	3	3	7	fc
8	8	5	4	4	4	4	3	2	3	fc
8	8	5	4	4	4	4	4	3	5	fc
8	8	5	5	3	3	3	3	2	1	fc
8	8	5	5	4	3	3	2	2	1	fc
8	8	5	5	4	3	3	3	3	3	fc
8	8	5	5	4	4	2	2	2	1	fc
8	8	5	5	4	4	3	3	2	5	fc
8	8	5	5	4	4	4	2	2	2	fc
8	8	5	5	4	4	4	3	3	12	fc
8	8	5	5	4	4	4	4	2	4	fc
8	8	5	5	4	4	4	4	4	7	fc
8	8	5	5	5	3	3	3	2	1	fc
8	8	5	5	5	4	3	2	2	1	fc
8	8	5	5	5	4	3	3	3	4	fc
8	8	5	5	5	4	4	3	2	4	fc
8	8	5	5	5	4	4	4	3	11	fc
8	8	5	5	5	5	2	2	2	1	fc
8	8	5	5	5	5	3	3	2	2	fc
8	8	5	5	5	5	4	2	2	1	fc
8	8	5	5	5	5	4	3	3	7	fc
8	8	5	5	5	5	4	4	2	4	fc
8	8	5	5	5	5	4	4	4	11	fc
8	8	5	5	5	5	5	3	2	1	fc
8	8	5	5	5	5	5	4	3	5	fc
8	8	5	5	5	5	5	5	2	2	fc
8	8	5	5	5	5	5	5	4	4	fc
8	8	6	3	3	3	3	2	2	1	fc
8	8	6	3	3	3	3	3	3	1	fc
8	8	6	4	3	3	3	3	2	1	fc
8	8	6	4	4	3	3	2	2	1	fc
8	8	6	4	4	3	3	3	3	3	fc
8	8	6	4	4	4	3	3	2	2	fc
8	8	6	4	4	4	4	2	2	1	fc
8	8	6	4	4	4	4	3	3	5	fc
8	8	6	4	4	4	4	4	2	1	fc
8	8	6	4	4	4	4	4	4	2	fc
8	8	6	5	3	3	3	3	3	1	fc
8	8	6	5	4	3	3	3	2	1	fc
8	8	6	5	4	4	3	2	2	1	fc
8	8	6	5	4	4	3	3	3	7	fc
8	8	6	5	4	4	4	3	2	4	fc
8	8	6	5	4	4	4	4	3	11	fc
8	8	6	5	5	3	3	3	3	1	fc
8	8	6	5	5	4	3	3	2	2	fc
8	8	6	5	5	4	4	2	2	1	fc
8	8	6	5	5	4	4	3	3	14	fc
8	8	6	5	5	4	4	4	2	4	fc
8	8	6	5	5	4	4	4	4	13	fc
8	8	6	5	5	5	3	2	2	1	fc
8	8	6	5	5	5	3	3	3	3	fc
8	8	6	5	5	5	4	3	2	4	fc
8	8	6	5	5	5	4	4	3	20	fc
8	8	6	5	5	5	5	2	2	1	fc
8	8	6	5	5	5	5	3	3	6	fc
8	8	6	5	5	5	5	4	2	3	fc
8	8	6	5	5	5	5	4	4	18	fc
8	8	6	5	5	5	5	5	3	5	fc
8	8	6	5	5	5	5	5	5	4	fc
8	8	6	6	4	3	3	3	3	1	fc
8	8	6	6	4	4	3	3	2	1	fc
8	8	6	6	4	4	4	2	2	1	fc
8	8	6	6	4	4	4	3	3	5	fc
8	8	6	6	4	4	4	4	2	2	fc
8	8	6	6	4	4	4	4	4	4	fc
8	8	6	6	5	4	3	3	3	2	fc
8	8	6	6	5	4	4	3	2	2	fc
8	8	6	6	5	4	4	4	3	11	fc
8	8	6	6	5	5	3	3	2	1	fc
8	8	6	6	5	5	4	2	2	1	fc
8	8	6	6	5	5	4	3	3	9	fc
8	8	6	6	5	5	4	4	2	5	fc
8	8	6	6	5	5	4	4	4	19	fc
8	8	6	6	5	5	5	3	2	2	fc
8	8	6	6	5	5	5	4	3	17	fc
8	8	6	6	5	5	5	5	2	3	fc
8	8	6	6	5	5	5	5	4	18	fc
8	8	6	6	6	4	4	3	3	2	fc
8	8	6	6	6	4	4	4	2	1	fc
8	8	6	6	6	4	4	4	4	3	fc
8	8	6	6	6	5	3	3	3	1	fc
8	8	6	6	6	5	4	3	2	1	fc
8	8	6	6	6	5	4	4	3	8	fc
8	8	6	6	6	5	5	2	2	1	fc
8	8	6	6	6	5	5	3	3	5	fc
8	8	6	6	6	5	5	4	2	3	fc
8	8	6	6	6	5	5	4	4	19	fc
8	8	6	6	6	5	5	5	3	8	fc
8	8	6	6	6	5	5	5	5	11	fc
8	8	6	6	6	6	4	3	3	1	fc
8	8	6	6	6	6	4	4	2	1	fc
8	8	6	6	6	6	4	4	4	3	fc
8	8	6	6	6	6	5	3	2	1	fc
8	8	6	6	6	6	5	4	3	6	fc
8	8	6	6	6	6	5	5	2	2	fc
8	8	6	6	6	6	5	5	4	13	fc
8	8	6	6	6	6	6	2	2	1	fc
8	8	6	6	6	6	6	3	3	2	fc
8	8	6	6	6	6	6	4	2	1	fc
8	8	6	6	6	6	6	4	4	4	fc
8	8	6	6	6	6	6	5	3	3	fc
8	8	6	6	6	6	6	5	5	7	fc
8	8	6	6	6	6	6	6	2	1	fc
8	8	6	6	6	6	6	6	4	2	fc
8	8	6	6	6	6	6	6	6	2	fc
8	8	7	3	3	3	3	3	2	1	fc
8	8	7	4	3	3	3	3	3	1	fc
8	8	7	4	4	3	3	3	2	1	fc
8	8	7	4	4	4	3	3	3	2	fc
8	8	7	4	4	4	4	3	2	1	fc
8	8	7	4	4	4	4	4	3	2	fc
8	8	7	5	4	3	3	3	3	1	fc
8	8	7	5	4	4	3	3	2	1	fc
8	8	7	5	4	4	4	3	3	4	fc
8	8	7	5	4	4	4	4	2	1	fc
8	8	7	5	4	4	4	4	4	3	fc
8	8	7	5	5	4	3	3	3	2	fc
8	8	7	5	5	4	4	3	2	1	fc
8	8	7	5	5	4	4	4	3	7	fc
8	8	7	5	5	5	3	3	2	1	fc
8	8	7	5	5	5	4	3	3	4	fc
8	8	7	5	5	5	4	4	2	2	fc
8	8	7	5	5	5	4	4	4	8	fc
8	8	7	5	5	5	5	3	2	1	fc
8	8	7	5	5	5	5	4	3	6	fc
8	8	7	5	5	5	5	5	2	1	fc
8	8	7	5	5	5	5	5	4	5	fc
8	8	7	6	4	4	3	3	3	1	fc
8	8	7	6	4	4	4	3	2	1	fc
8	8	7	6	4	4	4	4	3	4	fc
8	8	7	6	5	4	4	3	3	3	fc
8	8	7	6	5	4	4	4	2	1	fc
8	8	7	6	5	4	4	4	4	6	fc
8	8	7	6	5	5	3	3	3	1	fc
8	8	7	6	5	5	4	3	2	1	fc
8	8	7	6	5	5	4	4	3	12	fc
8	8	7	6	5	5	5	3	3	3	fc
8	8	7	6	5	5	5	4	2	2	fc
8	8	7	6	5	5	5	4	4	17	fc
8	8	7	6	5	5	5	5	3	6	fc
8	8	7	6	5	5	5	5	5	5	fc
8	8	7	6	6	4	4	4	3	2	fc
8	8	7	6	6	5	4	3	3	2	fc
8	8	7	6	6	5	4	4	2	1	fc
8	8	7	6	6	5	4	4	4	8	fc
8	8	7	6	6	5	5	3	2	1	fc
8	8	7	6	6	5	5	4	3	12	fc
8	8	7	6	6	5	5	5	2	2	fc
8	8	7	6	6	5	5	5	4	20	fc
8	8	7	6	6	6	4	4	3	2	fc
8	8	7	6	6	6	5	3	3	2	fc
8	8	7	6	6	6	5	4	2	1	fc
8	8	7	6	6	6	5	4	4	11	fc
8	8	7	6	6	6	5	5	3	7	fc
8	8	7	6	6	6	5	5	5	11	fc
8	8	7	6	6	6	6	3	2	1	fc
8	8	7	6	6	6	6	4	3	4	fc
8	8	7	6	6	6	6	5	2	1	fc
8	8	7	6	6	6	6	5	4	11	fc
8	8	7	6	6	6	6	6	3	2	fc
8	8	7	6	6	6	6	6	5	5	fc
8	8	7	7	4	4	4	3	3	1	fc
8	8	7	7	4	4	4	4	2	1	fc
8	8	7	7	4	4	4	4	4	2	fc
8	8	7	7	5	4	4	4	3	2	fc
8	8	7	7	5	5	4	3	3	1	fc
8	8	7	7	5	5	4	4	2	1	fc
8	8	7	7	5	5	4	4	4	5	fc
8	8	7	7	5	5	5	4	3	3	fc
8	8	7	7	5	5	5	5	2	1	fc
8	8	7	7	5	5	5	5	4	6	fc
8	8	7	7	6	4	4	4	4	1	fc
8	8	7	7	6	5	4	4	3	2	fc
8	8	7	7	6	5	5	3	3	1	fc
8	8	7	7	6	5	5	4	2	1	fc
8	8	7	7	6	5	5	4	4	9	fc
8	8	7	7	6	5	5	5	3	4	fc
8	8	7	7	6	5	5	5	5	7	fc
8	8	7	7	6	6	4	4	4	2	fc
8	8	7	7	6	6	5	4	3	3	fc
8	8	7	7	6	6	5	5	2	1	fc
8	8	7	7	6	6	5	5	4	14	fc
8	8	7	7	6	6	6	3	3	1	fc
8	8	7	7	6	6	6	4	2	1	fc
8	8	7	7	6	6	6	4	4	5	fc
8	8	7	7	6	6	6	5	3	4	fc
8	8	7	7	6	6	6	5	5	12	fc
8	8	7	7	6	6	6	6	2	1	fc
8	8	7	7	6	6	6	6	4	5	fc
8	8	7	7	6	6	6	6	6	4	fc
8	8	7	7	7	5	4	4	4	1	fc
8	8	7	7	7	5	5	4	3	1	fc
8	8	7	7	7	5	5	5	2	1	fc
8	8	7	7	7	5	5	5	4	3	fc
8	8	7	7	7	6	5	4	4	2	fc
8	8	7	7	7	6	5	5	3	2	fc
8	8	7	7	7	6	5	5	5	4	fc
8	8	7	7	7	6	6	4	3	1	fc
8	8	7	7	7	6	6	5	2	1	fc
8	8	7	7	7	6	6	5	4	7	fc
8	8	7	7	7	6	6	6	3	2	fc
8	8	7	7	7	6	6	6	5	7	fc
8	8	7	7	7	7	5	5	4	1	fc
8	8	7	7	7	7	6	4	4	1	fc
8	8	7	7	7	7	6	5	3	1	fc
8	8	7	7	7	7	6	5	5	3	fc
8	8	7	7	7	7	6	6	2	1	fc
8	8	7	7	7	7	6	6	4	3	fc
8	8	7	7	7	7	6	6	6	3	fc
8	8	7	7	7	7	7	5	4	1	fc
8	8	7	7	7	7	7	6	3	1	fc
8	8	7	7	7	7	7	6	5	2	fc
8	8	7	7	7	7	7	7	2	1	fc
8	8	7	7	7	7	7	7	4	1	fc
8	8	7	7	7	7	7	7	6	1	fc
8	8	8	3	3	3	3	3	3	1	fc
8	8	8	4	4	3	3	3	3	1	fc
8	8	8	4	4	4	4	3	3	1	fc
8	8	8	4	4	4	4	4	4	1	fc
8	8	8	5	4	4	3	3	3	1	fc
8	8	8	5	4	4	4	4	3	1	fc
8	8	8	5	5	4	4	3	3	1	fc
8	8	8	5	5	4	4	4	4	2	fc
8	8	8	5	5	5	3	3	3	1	fc
8	8	8	5	5	5	4	4	3	2	fc
8	8	8	5	5	5	5	3	3	1	fc
8	8	8	5	5	5	5	4	4	3	fc
8	8	8	5	5	5	5	5	3	1	fc
8	8	8	5	5	5	5	5	5	2	fc
8	8	8	6	4	4	4	3	3	1	fc
8	8	8	6	4	4	4	4	4	1	fc
8	8	8	6	5	4	4	4	3	1	fc
8	8	8	6	5	5	4	3	3	1	fc
8	8	8	6	5	5	4	4	4	3	fc
8	8	8	6	5	5	5	4	3	2	fc
8	8	8	6	5	5	5	5	4	3	fc
8	8	8	6	6	4	4	4	4	1	fc
8	8	8	6	6	5	4	4	3	1	fc
8	8	8	6	6	5	5	3	3	1	fc
8	8	8	6	6	5	5	4	4	5	fc
8	8	8	6	6	5	5	5	3	2	fc
8	8	8	6	6	5	5	5	5	4	fc
8	8	8	6	6	6	4	4	4	1	fc
8	8	8	6	6	6	5	4	3	1	fc
8	8	8	6	6	6	5	5	4	4	fc
8	8	8	6	6	6	6	3	3	1	fc
8	8	8	6	6	6	6	4	4	2	fc
8	8	8	6	6	6	6	5	3	1	fc
8	8	8	6	6	6	6	5	5	4	fc
8	8	8	6	6	6	6	6	4	1	fc
8	8	8	6	6	6	6	6	6	2	fc
8	8	8	7	4	4	4	4	3	1	fc
8	8	8	7	5	4	4	4	4	1	fc
8	8	8	7	5	5	4	4	3	1	fc
8	8	8	7	5	5	5	4	4	2	fc
8	8	8	7	5	5	5	5	3	1	fc
8	8	8	7	5	5	5	5	5	1	fc
8	8	8	7	6	5	4	4	4	1	fc
8	8	8	7	6	5	5	4	3	1	fc
8	8	8	7	6	5	5	5	4	4	fc
8	8	8	7	6	6	5	4	4	2	fc
8	8	8	7	6	6	5	5	3	1	fc
8	8	8	7	6	6	5	5	5	4	fc
8	8	8	7	6	6	6	4	3	1	fc
8	8	8	7	6	6	6	5	4	4	fc
8	8	8	7	6	6	6	6	3	1	fc
8	8	8	7	6	6	6	6	5	3	fc
8	8	8	7	7	5	5	4	4	1	fc
8	8	8	7	7	5	5	5	3	1	fc
8	8	8	7	7	5	5	5	5	2	fc
8	8	8	7	7	6	5	5	4	2	fc
8	8	8	7	7	6	6	4	4	1	fc
8	8	8	7	7	6	6	5	3	1	fc
8	8	8	7	7	6	6	5	5	5	fc
8	8	8	7	7	6	6	6	4	2	fc
8	8	8	7	7	6	6	6	6	3	fc
8	8	8	7	7	7	5	5	5	1	fc
8	8	8	7	7	7	6	5	4	1	fc
8	8	8	7	7	7	6	6	3	1	fc
8	8	8	7	7	7	6	6	5	3	fc
8	8	8	7	7	7	7	5	5	1	fc
8	8	8	7	7	7	7	6	4	1	fc
8	8	8	7	7	7	7	6	6	2	fc
8	8	8	7	7	7	7	7	3	1	fc
8	8	8	7	7	7	7	7	5	1	fc
8	8	8	7	7	7	7	7	7	1	fc
8	8	8	8	4	4	4	4	4	1	fc
8	8	8	8	5	5	4	4	4	1	fc
8	8	8	8	5	5	5	5	4	1	fc
8	8	8	8	6	5	5	4	4	1	fc
8	8	8	8	6	5	5	5	5	1	fc
8	8	8	8	6	6	5	5	4	1	fc
8	8	8	8	6	6	6	4	4	1	fc
8	8	8	8	6	6	6	5	5	2	fc
8	8	8	8	6	6	6	6	4	1	fc
8	8	8	8	6	6	6	6	6	1	fc
8	8	8	8	7	5	5	5	4	1	fc
8	8	8	8	7	6	5	5	5	1	fc
8	8	8	8	7	6	6	5	4	1	fc
8	8	8	8	7	6	6	6	5	2	fc
8	8	8	8	7	7	6	5	5	1	fc
8	8	8	8	7	7	6	6	4	1	fc
8	8	8	8	7	7	6	6	6	2	fc
8	8	8	8	7	7	7	6	5	1	fc
8	8	8	8	7	7	7	7	4	1	fc
8	8	8	8	7	7	7	7	6	1	fc
8	8	8	8	8	5	5	5	5	1	fc
8	8	8	8	8	6	6	5	5	1	fc
8	8	8	8	8	6	6	6	6	1	fc
8	8	8	8	8	7	6	6	5	1	fc
8	8	8	8	8	7	7	6	6	1	fc
8	8	8	8	8	7	7	7	5	1	fc
8	8	8	8	8	7	7	7	7	1	fc
8	8	8	8	8	8	6	6	6	1	fc
8	8	8	8	8	8	7	7	6	1	fc
8	8	8	8	8	8	8	7	7	1	fc
8	8	8	8	8	8	8	8	8	1	fc
num_potentially_connected = 3137
num_forcibly_connected = 2843
